0	6.438798819610022e-10	1.160671
1	7.436933382743806	1.257448
2	7.535160636040752	1.360722
3	6.007559752553457	1.494514
4	6.492057325323844	1.630848
5	7.28923152320689	1.760308
6	7.304248486663834	1.84635
7	7.91076608537878	1.942645
8	6.965373278088232	2.066965
9	7.064079049972126	2.187522
10	7.398718636222517	2.295843
11	6.757224744407247	2.402504
12	7.3860414990076935	2.525414
13	7.350561679606035	2.613378
14	6.630545407407524	2.751716
15	7.702867889045604	2.833466
16	8.035234458963695	2.94836
17	8.150261745514182	3.039915
18	7.574021940318722	3.120659
19	8.211663083868796	3.234717
20	8.109511067114198	3.300943
21	7.337907675727877	3.414128
22	6.867397127494449	3.55434
23	8.871238880029104	3.620259
24	8.504110833338402	3.705375
25	8.25190691012684	3.804785
26	6.785977310527372	3.940743
27	8.606436918404826	4.000989
28	8.102179741768984	4.073214
29	8.385471833534258	4.157562
30	6.612096390252515	4.268026
31	6.787668506141473	4.383481
32	7.19486481015785	4.488422
33	6.407107493817146	4.596108
35	5.589029559479408	4.72136
34	7.355318190028426	4.855217
36	7.006504852747106	4.97987
37	7.326128838995796	5.068722
38	6.977075795759829	5.207162
39	7.624510096199292	5.320437
40	7.391521337637986	5.39984
41	6.820927051943595	5.517101
42	6.127042930015952	5.642459
43	7.539522100127806	5.749799
44	7.48175895997888	5.860604
45	7.925325190655068	5.946327
46	8.140043627782047	6.049626
47	8.455269343504186	6.140588
48	8.509183124879543	6.231119
49	8.265338738060565	6.297977
50	7.820933372118175	6.417384
51	7.827574430283836	6.509086
52	7.427372328048605	6.621754
53	8.11627452460152	6.712801
54	7.341889498043005	6.804938
55	6.969331514415368	6.919892
56	7.472734690823313	7.041768
57	7.972309920567791	7.138939
58	7.857739143467346	7.233554
59	7.682297562137114	7.345618
60	7.203848644266623	7.457053
61	7.442000429383302	7.557178
62	7.555725289849329	7.663611
63	7.969613537860521	7.764892
64	8.366253370992707	7.860528
65	8.156220952618007	7.940731
66	7.183737225127214	8.060024
67	7.960477594037476	8.154365
68	8.023076628792227	8.230609
69	6.726837076074789	8.348856
70	7.992377874494081	8.451902
71	7.386301640048675	8.548564
72	7.669822879065498	8.651909
73	6.746160725199926	8.756836
74	7.755739644970414	8.877204
75	7.9065608010797686	8.944279
76	7.6552782731060764	9.037685
77	8.010221172264567	9.138357
78	8.193280200031255	9.235247
79	7.698696969752591	9.336957
80	8.957919623769016	9.425167
82	7.970279889708746	9.494827
81	7.106653066618772	9.632611
83	7.615290482121524	9.723557
84	7.607113967854383	9.818187
85	7.928950860703308	9.920081
86	8.427340054892285	9.992447
87	6.675299045727418	10.097884
88	5.913092024107426	10.240699
89	7.140395468203369	10.344491
90	7.234365055409426	10.469199
91	7.186358901255551	10.557812
92	7.146417679030857	10.677125
93	7.108230816031509	10.790907
94	5.985193641371044	10.914303
95	7.2968909564427715	11.018143
96	6.102501203970848	11.148478
97	8.354754534625696	11.245058
98	8.349482325821201	11.314363
99	8.587687778071247	11.424411
100	8.18518966641037	11.51364
101	7.804416227692319	11.605151
102	8.715780986677915	11.673914
103	6.541906342412937	11.813672
104	7.414098847486389	11.898447
105	7.933375071639199	11.986594
106	7.154536336406002	12.120603
107	8.325946923454085	12.184893
108	7.092676674157912	12.315555
109	8.055589912996716	12.420805
110	6.361164824731824	12.520048
111	6.666598850516251	12.643506
112	5.985765926991507	12.793615
113	6.563681404407082	12.925958
114	7.110869992743845	13.035797
115	6.644757770666328	13.161191
116	7.054419709232311	13.262614
117	7.159005799842288	13.376585
118	6.928988794486286	13.489203
119	6.728024022790853	13.594688
120	6.907092018720585	13.721834
121	5.660619572933565	13.869876
122	7.846611179394504	13.964067
123	6.342705056859424	14.08395
124	8.035018955829756	14.178996
125	8.047691684846532	14.281838
126	7.875636304915625	14.370848
127	8.207645824853627	14.456341
128	7.714755008985181	14.550455
129	8.883282467484333	14.620598
130	7.430109069780213	14.715668
131	6.226522707940245	14.870646
132	6.529024344304018	14.989712
133	6.529634201968089	15.118681
134	7.459524254146103	15.205472
135	6.474030123513196	15.332821
136	7.248743141067185	15.451747
137	6.912840899164553	15.564192
138	9.077970958658618	15.626846
139	7.893422060459155	15.712373
140	7.935131126389114	15.798671
141	9.110011598458751	15.880955
142	9.353892266314602	15.943857
143	7.920461219179194	16.066966
144	7.56051942808113	16.175827
145	8.94061974424945	16.250693
146	8.423295129342632	16.348249
147	7.77729690840551	16.420888
148	7.712116559622991	16.53981
149	9.111792768446024	16.628824
150	8.725917049464083	16.710564
151	8.944337582687542	16.790714
152	9.007204812084327	16.866482
153	7.855958314369143	16.948718
154	8.237208114849073	17.033232
155	7.40451794679867	17.123494
156	7.078432596907924	17.226347
157	8.077744096201771	17.315379
158	8.022708318987613	17.405535
159	8.389816133523228	17.518742
160	7.794771154375089	17.616311
161	8.73636785899516	17.703358
162	7.964362346525291	17.772871
163	8.79712908022761	17.873355
164	7.562209721621231	17.987164
165	8.536007782386246	18.077649
166	8.324558844252323	18.148754
167	8.113605456652229	18.232672
169	8.616727236868867	18.309921
168	7.074349498810064	18.450666
170	7.875591940965507	18.54848
171	8.233295120840465	18.639079
172	7.320004467776164	18.745586
173	8.319770221189875	18.829809
174	8.429931524332277	18.890876
175	8.34702313076254	19.005484
176	7.645147943123056	19.113275
177	8.480022644103435	19.201741
178	8.420826080584316	19.288456
179	8.476372359409325	19.366127
180	7.723050917989501	19.480998
181	6.9979945208039265	19.597183
182	3.46626667823658	19.85859
183	7.368990289590518	19.928777
184	8.305207110199378	20.038586
185	7.683254503555583	20.139923
186	8.131238053141951	20.255775
187	7.693387358006394	20.342201
188	8.133145887668338	20.432233
189	8.484482653990089	20.500264
190	7.945066706067098	20.618842
191	8.392720433012176	20.705205
192	7.9996795782639625	20.822468
193	8.602818172495128	20.887023
194	8.565397810815226	20.979694
195	7.928576154371081	21.095373
196	7.982794651115873	21.188043
197	8.972176290271863	21.274078
198	8.845197072903266	21.358056
199	8.320001269531444	21.427606
200	8.505179997039422	21.535965
201	8.678343164903467	21.612017
202	7.931829786268377	21.72116
203	7.089847242952503	21.827749
204	6.378267408564264	21.968933
205	9.064904246191352	22.050114
206	8.866475567168091	22.139509
207	8.958799770172392	22.232252
208	9.147962032384143	22.322654
209	9.28736487354245	22.405118
210	9.454040554308332	22.488934
211	7.3186888735724445	22.584725
212	7.8218959916154756	22.680708
213	8.32125575591165	22.785852
214	6.88908781225722	22.896137
215	9.029154261628445	23.000027
216	7.79274364957862	23.087479
217	8.052373108482216	23.191706
218	5.990698949918301	23.33282
219	6.220003707411115	23.450365
220	6.033927954885487	23.599096
221	6.635276101765165	23.710333
222	7.677347791229348	23.826111
223	7.363104287284205	23.930856
224	7.5559430733201225	24.044028
225	7.210697327387317	24.151721
226	7.019403209880675	24.255524
227	7.435654517089774	24.396777
228	7.47208237578608	24.497808
229	8.154238866499083	24.567017
230	8.437189336197827	24.676506
231	8.123898878928978	24.784217
232	7.8430604043913466	24.860045
233	8.052450405377126	24.974015
234	8.189073046157331	25.063231
235	7.765360191065114	25.18429
236	7.4642103352422575	25.284565
237	7.812586031870209	25.403622
238	8.107708336957762	25.506284
239	7.36681590091174	25.597653
240	6.903874547552462	25.729619
241	7.034342343369766	25.817623
242	7.442119271101332	25.950795
243	7.552201665541301	26.075602
244	7.179851312187916	26.194362
245	7.273494076191005	26.288147
246	7.333622414010155	26.405991
247	6.851131808574238	26.533931
248	6.788690220883502	26.65013
249	6.25392929725184	26.791164
250	7.086493217294927	26.896923
251	8.343901376425114	27.000623
252	7.90352146647371	27.099718
253	7.051940824482617	27.226881
254	6.925556489390335	27.340722
255	7.34311059911868	27.452972
256	7.582250792698138	27.562288
257	6.2594545386710445	27.691269
258	7.085439750253817	27.813332
259	7.57172488866183	27.919017
260	7.325361132990903	28.039409
261	8.08467281036706	28.127433
262	6.530467858382885	28.26748
263	8.290399922517853	28.353914
264	6.9163746576279905	28.47384
265	7.999816898722106	28.56003
266	8.08420533241331	28.663531
267	8.923975115105403	28.747646
268	8.806623175655671	28.832589
269	9.211104352008222	28.926243
270	8.448882326517374	29.016976
271	7.936722753317135	29.108609
272	8.330395198353903	29.211056
273	8.946092713536757	29.290869
274	8.686394993155352	29.386317
275	8.333937370847242	29.470614
276	8.16485822519671	29.57779
277	8.481531660876565	29.638107
278	7.8824446962734935	29.727056
279	7.202351842184796	29.834511
280	9.057191783040482	29.927827
281	8.55898311794583	30.010268
282	7.608480101293928	30.114535
283	8.175090973942568	30.216913
284	8.31861517194327	30.301941
285	7.868485379447745	30.400937
286	7.212482847090626	30.519855
287	7.16883134640858	30.654087
288	7.9263136808765555	30.736072
289	6.6490449626117405	30.858034
290	8.017862058418718	30.973724
291	7.765518339477041	31.073243
292	7.41736357832674	31.198889
293	7.955992928518858	31.288401
294	7.9596467190186475	31.396842
295	7.622210026277818	31.481868
296	6.289641438445009	31.633002
297	7.262574823859829	31.739238
298	6.5731242330735515	31.865948
299	6.385044794069067	32.007483
300	7.950925455524298	32.09428
301	7.510805177316649	32.207033
302	7.898044650658311	32.303393
303	6.889325440365827	32.420767
304	9.107420250707326	32.512976
305	9.16655520733621	32.604539
306	8.835582444713149	32.694947
307	8.478634137269529	32.791177
308	8.592525822827339	32.860889
309	9.120947083204669	32.956805
310	9.086486509906889	33.054405
311	8.76598359370918	33.137994
312	7.460519388118107	33.252534
313	7.5048248195948695	33.34816
314	8.436408691646871	33.463775
315	9.22007430041107	33.532983
316	8.893981835878275	33.633981
317	7.63475253472159	33.739668
318	7.51426334562927	33.851978
319	8.497116173536055	33.934581
320	7.822669175807063	34.032976
321	8.17196909918072	34.114888
322	8.511289730170681	34.201395
323	8.343254070870747	34.284653
324	8.547471301611756	34.384027
325	8.162315952532003	34.497951
326	8.20121034364765	34.595669
327	8.30535512027437	34.686694
328	8.604671296248808	34.781209
329	8.602941689245872	34.885468
330	8.157981853015258	34.97511
331	7.970173871733967	35.076542
332	7.982840231055452	35.18521
333	8.095517870998375	35.2685
334	6.67850898842412	35.394469
335	7.646820527873138	35.507972
336	7.571492526536212	35.626272
337	7.761767644990562	35.736227
338	7.613783689095507	35.832311
339	6.883163728323463	35.960885
340	8.273963955433514	36.054969
341	8.318565676999663	36.145742
342	7.6059000388065	36.251725
343	7.980850391783022	36.336141
344	8.382338011167647	36.427707
345	8.3200672857004	36.536967
346	8.325748598084463	36.629538
347	7.409920517844177	36.728178
348	8.299701596498311	36.808149
349	9.181082299788548	36.886834
350	8.431456662760148	36.969667
351	8.717338847956437	37.050281
352	8.022125230949312	37.147282
353	8.251825736590279	37.23598
354	8.06319363142303	37.344721
355	7.6820020842834404	37.44797
356	7.996873170852614	37.55224
357	8.323501570713876	37.654579
358	8.361816739167706	37.742108
359	8.49240213894215	37.838784
360	8.910098229156045	37.925434
361	8.798051731479598	38.017546
362	8.738934402320213	38.106017
363	7.445355865411071	38.222038
364	6.781763971620197	38.347087
365	8.315728951469323	38.432766
366	8.861698643797789	38.515886
367	8.402539410342348	38.612346
368	8.212547408653291	38.719426
369	8.493502759074572	38.818186
370	6.941143567330336	38.930859
371	8.622732430965577	39.01015
372	8.441043763861105	39.102276
373	9.125014957065066	39.197348
374	7.9142589741267395	39.295651
375	7.811378383009155	39.406649
376	8.25081931739943	39.512335
377	6.639834855181672	39.635926
378	7.3828562577229215	39.754097
379	6.955589606840328	39.871441
380	8.514831867605382	39.942929
381	8.463561298862729	40.02921
382	5.86609380594343	40.161594
383	7.879483080252561	40.274298
384	8.699023971395269	40.356173
385	8.149770816453028	40.437908
386	8.495050988890801	40.541398
387	8.87824310737154	40.621357
388	8.606613520473596	40.715982
389	8.975670719050196	40.807701
390	8.59564264883996	40.904093
391	7.9740377760244865	40.978911
392	6.941580096287996	41.103943
393	7.334994692394997	41.204399
394	8.110436257248878	41.295214
395	4.997454985654507	41.466834
396	6.959559823982691	41.589249
397	7.134444075897907	41.713147
398	7.218267053081567	41.826032
399	8.338626274112967	41.91424
400	8.312185764085003	41.993194
401	8.331619721107623	42.088958
402	8.479782622759915	42.176201
403	8.309715560468907	42.268111
404	7.813750384232049	42.364953
405	8.30647358915048	42.463314
406	8.493365165956913	42.549988
407	8.825060176067598	42.617445
408	8.73511244028107	42.723741
409	8.466687794844052	42.80316
410	7.905011044350796	42.900974
411	8.156205092105544	43.004342
412	7.813633933378416	43.091532
413	6.951232204710055	43.217746
414	7.116890785533092	43.315918
415	7.739167979806553	43.42231
416	8.254537797099509	43.52364
417	7.884415403760334	43.608046
418	7.861450570541752	43.704085
419	6.14974436570879	43.849077
420	7.767992043663544	43.930866
421	7.37266896232899	44.047617
422	6.963812053793791	44.178541
423	7.434178435709829	44.287034
424	7.571246511594323	44.381668
425	6.780338766048387	44.504706
426	7.8096475858691745	44.613399
427	6.636514958766083	44.743737
428	6.262108627915275	44.887529
429	7.348114926419061	45.005801
430	6.860634848975559	45.123949
431	7.419423541606966	45.227784
432	6.905443116542721	45.326956
433	8.761277708613587	45.438633
434	8.893944116830049	45.513228
435	8.546757195138849	45.614348
436	8.394937783088448	45.717383
437	6.821248747739426	45.818642
438	7.061379377687389	45.941565
439	8.572347700614982	46.04217
440	8.73156646771907	46.120068
441	9.160008997735279	46.216971
442	8.742978400530294	46.295588
443	7.693810728364331	46.392983
444	8.534652981824989	46.492153
445	6.366427044880513	46.628376
446	7.205346068612462	46.747111
447	8.637381872697432	46.847132
448	8.433796280470762	46.932137
449	8.997582369963897	47.024935
450	7.989013521672962	47.123767
451	8.87060097455333	47.218124
452	8.535365066961333	47.313304
453	8.123379654287513	47.402837
454	8.3897657876787	47.508506
455	7.950036297606253	47.609583
456	8.623547940079527	47.687396
457	8.273458011397372	47.790523
458	7.16741029851792	47.924841
459	6.6908246314251345	48.049454
460	6.420052868992351	48.178839
462	7.246488886585292	48.265694
461	8.001785676811576	48.389168
463	7.792179032494785	48.488106
464	8.033187645799257	48.584903
465	8.014414965271476	48.684399
466	6.448806888068881	48.806917
467	8.25574011853234	48.901957
468	7.265568999714179	49.020358
469	8.270391030608483	49.129264
470	8.355153963530025	49.211892
471	7.703702615285433	49.322566
472	8.326178314994173	49.424311
474	8.076126512960531	49.490961
473	7.801890249460102	49.613976
475	7.032832597516051	49.743613
476	6.733316423670531	49.874819
477	7.998428653428453	49.963078
478	7.808513529866238	50.068157
479	7.587504138091973	50.162916
480	7.972658462684808	50.28248
481	7.011095918346879	50.383651
482	8.211695237796903	50.495038
483	8.578887729848029	50.573274
484	8.674466364578313	50.678448
485	9.398073915401058	50.766159
486	9.035475782199205	50.851215
487	7.860581311013949	50.95535
488	8.07705965498781	51.021686
489	8.934487305384375	51.126956
490	9.002932072928338	51.218864
491	8.718716026183355	51.299141
492	7.2773684000492755	51.422136
493	7.930584994242517	51.508997
494	7.757719240486662	51.609755
495	6.970408655044621	51.739757
496	8.346890242567646	51.800221
497	8.869025366026948	51.907867
498	8.15221020837747	52.014168
499	7.085966444619769	52.137432
500	7.733574260164101	52.224472
501	7.487849639738069	52.355593
502	6.890411949086273	52.483519
503	6.8488831773640735	52.599793
504	6.956662503586717	52.724735
505	6.9245388928144544	52.855587
506	7.030203884601717	52.973347
507	6.541824715512078	53.093402
508	7.69994070337183	53.200021
509	8.334235447937655	53.288903
510	8.529342145399085	53.37987
511	8.410593290862314	53.488317
512	8.574065026523709	53.576936
513	8.478359918092933	53.670369
514	8.014552792087684	53.771922
515	8.401849314519684	53.859226
516	7.82793965047442	53.954026
517	7.832222572868563	54.072765
518	7.498223904264239	54.186757
519	7.721913437622545	54.283053
520	7.607859070725832	54.391817
521	7.66194877790362	54.505855
522	7.967690828891329	54.600719
523	6.047133658784144	54.753137
524	8.123773000193685	54.856973
525	9.083279012302901	54.949512
526	8.79133925109255	55.037965
527	8.309715560468907	55.134911
528	8.257446716357379	55.206798
529	9.036468578248982	55.31515
530	8.101381616179955	55.402611
531	7.107459919644415	55.519244
532	7.404295733747125	55.630946
533	7.801759639887651	55.741719
534	8.194592820384575	55.822341
535	8.371596915068581	55.904591
536	7.88959134728427	56.01998
537	7.3411827303929895	56.135259
538	9.320116348574642	56.221529
539	7.179089379517629	56.342098
540	7.705783144040301	56.424121
541	7.405433082266033	56.529351
542	7.406871609403255	56.645489
543	7.48567135037506	56.74383
544	8.971754071114287	56.83539
545	8.754566383983269	56.917173
546	9.578332705328902	56.990572
547	8.799472992988624	57.100371
548	7.9390362549544395	57.197269
549	8.13701160128817	57.300084
550	8.474745311344506	57.382081
551	7.766999496311221	57.482952
552	7.438318217770511	57.604254
553	7.974507760987444	57.715772
554	7.567694744856903	57.812289
555	8.22220697523519	57.912131
556	6.919170023722092	58.030216
557	7.771359963536176	58.137379
558	8.60444181857719	58.215338
559	8.858760116925469	58.291431
560	7.553303295191376	58.407787
561	6.960876535547022	58.519558
562	7.447378513899345	58.632785
563	6.329505824262554	58.762571
564	7.907350814714826	58.856391
565	8.749653710719114	58.945883
566	8.555421610562753	59.029037
567	9.028610052157216	59.125021
568	7.4388063301533585	59.221427
569	8.17039314001644	59.308732
570	8.438479413332796	59.404407
571	7.649567941988598	59.529012
572	7.939216584453589	59.623252
573	8.580660339723696	59.70409
574	7.42589953277233	59.826946
575	8.2049323836594	59.933317
576	7.984405458089668	60.020915
577	8.015640258759902	60.122032
578	7.744612492775727	60.227743
579	7.342146538203003	60.323715
580	7.640399006127907	60.434641
581	7.90857341109345	60.514509
582	8.301459280473589	60.606978
583	8.104073963153674	60.701267
584	8.678756176492497	60.790748
585	8.536094643246004	60.895521
586	7.009385277681221	61.008431
587	7.4558114317711155	61.099751
588	7.118992618441845	61.23051
590	8.800839313441605	61.30238
589	6.7548306261212945	61.449534
591	7.18816934332589	61.560842
592	7.273948180777635	61.674678
593	8.683283923218337	61.768325
594	7.371813731951877	61.858429
595	6.228547668547669	62.009004
596	7.944600184868092	62.113951
597	7.371399146216939	62.193193
598	8.285323161469126	62.300319
599	8.776328646965649	62.393628
600	6.186261712706286	62.529694
601	7.222866274724556	62.634222
602	6.888035656220953	62.764568
603	7.514249883550109	62.865318
604	8.22948272208575	62.954143
605	8.670826046150093	63.06295
606	8.019947072950606	63.149869
607	5.902507328345039	63.29098
608	4.971857815646822	63.444924
609	7.8450114655304635	63.570353
610	8.232099327583974	63.65894
611	7.422771781353806	63.781717
612	7.1278726524674685	63.892485
613	7.193852908891328	64.009694
614	7.700435481857371	64.111362
615	6.676542266580709	64.237354
616	6.158919139575897	64.370113
617	6.456540044118032	64.486614
618	6.53522987726687	64.608307
619	7.265644515043852	64.732645
620	7.349724449117273	64.847691
621	6.914345154786691	64.965533
622	6.9741870689253815	65.085329
623	7.019074299063856	65.19113
624	7.557127490707425	65.291152
625	7.0463016317541065	65.402646
626	6.9052725853876975	65.538519
627	7.133012365372874	65.657306
628	7.921433535793068	65.739456
629	7.401969833070678	65.868042
630	6.959132577297351	65.978843
631	6.984046423724721	66.082796
632	6.314393032691251	66.219372
633	7.649344728097724	66.309597
634	7.927077683132651	66.420112
635	8.140106819028691	66.505483
636	8.936162415870019	66.605342
637	8.121633658381677	66.693045
638	7.326935103502489	66.809784
639	7.936137080492784	66.902671
640	7.570412913170372	67.007068
641	7.8775000422582035	67.09297
642	7.961127308066083	67.210099
643	8.168038293911222	67.301989
644	7.292095586637343	67.41788
645	6.673302361102272	67.535867
646	6.986954964559682	67.656848
647	7.2531053457080255	67.76513
648	6.360055559262202	67.896265
649	7.453254387398978	68.003003
650	8.24953730019334	68.085118
652	7.056544159088806	68.197501
651	9.421485449869156	68.29421
653	9.667547147196982	68.382216
654	9.57070490411734	68.463754
655	8.70386187719189	68.540949
656	7.7585228428837265	68.651492
657	7.922076891839568	68.750197
658	8.072644686952673	68.841508
659	8.50409359096531	68.931174
660	9.671559743032786	69.010488
661	8.581397680285288	69.102993
662	8.238243578210502	69.195347
663	8.341843624640267	69.289634
664	8.280023768302481	69.388658
665	7.354931251983706	69.49197
666	8.295745425704663	69.585643
667	8.414406570545292	69.678832
668	9.078855203404432	69.764478
669	7.7457852796424715	69.871065
670	8.260845759483823	69.96507
671	7.254987225990137	70.039083
672	8.517961767399733	70.142073
673	7.881970688109686	70.250692
674	9.049316711758944	70.330419
675	9.24509179397768	70.409896
676	7.413862954229696	70.521957
677	8.785649051955996	70.605165
678	6.985163016958693	70.735564
679	9.00759168544007	70.787981
680	8.141260231642246	70.892639
681	7.789487368536392	70.99865
682	7.648828595865117	71.103018
683	7.759843408311348	71.19539
684	8.104935265700483	71.277865
685	8.383946525731693	71.380746
686	7.205729806435209	71.475301
687	8.85672113908521	71.581527
688	8.865632206503106	71.652512
689	7.6722921186356965	71.764011
690	8.653294987064324	71.847151
691	7.881585598451608	71.968577
692	8.452594137621796	72.036112
693	8.459873978393992	72.134019
694	7.240171928673767	72.251772
695	7.4834409200717955	72.368502
696	8.315794899856854	72.46209
697	7.980759277864037	72.566421
698	7.141477501038623	72.681135
699	8.309435696682014	72.778943
700	8.90238228651962	72.865615
701	7.862143169110053	72.971374
702	9.22066210723244	73.055737
703	8.771263125095413	73.148299
704	8.631693759659532	73.236791
705	7.557549614221722	73.336108
706	8.414761077428649	73.421506
707	8.503903929475833	73.516177
708	8.12877968611308	73.629432
709	7.088229727171944	73.73972
710	8.368874194649017	73.846973
711	8.49314158664847	73.925471
712	7.013898016551867	74.058956
713	8.904253309131825	74.140397
715	9.12624595560797	74.229207
714	7.524683982590787	74.361442
716	7.8398352146452615	74.449463
717	8.276870251603354	74.551128
718	7.468237363764403	74.656985
719	6.02382354377368	74.813109
720	7.603335508665071	74.917513
721	7.7737509429206355	75.032255
722	7.808222799326091	75.138518
723	7.621545204443944	75.256609
724	6.919638040402874	75.381205
725	7.311251259417304	75.494031
726	8.007636677434382	75.606437
727	7.6939659758374885	75.719914
728	6.661929214587837	75.848078
729	7.731008423497318	75.956569
730	6.626889253336114	76.085123
731	8.314146503910973	76.18747
732	7.820481314431788	76.309054
733	7.971506874308673	76.41787
734	7.401878394928828	76.535739
735	7.7789845396005814	76.649807
736	6.454850867432759	76.772332
737	8.444493659035498	76.862333
738	8.99299094977026	76.926117
739	8.257056574652633	77.040717
740	8.24316558639367	77.144597
741	8.753123056567706	77.221952
742	7.881496736951092	77.328606
743	8.526481201020502	77.413512
744	8.931975816841751	77.507697
746	7.934110418771115	77.611229
745	8.29403936318101	77.729251
747	6.182085632040751	77.850909
748	7.321678382714131	77.979562
