0	[[0.9998377561569214, 'person', 426, 183, 484, 295], [0.9952019453048706, 'person', 401, 265, 548, 391], [0.9035517573356628, 'truck', 329, 2, 395, 37], [0.8117780685424805, 'truck', 201, 34, 246, 76], [0.9806420207023621, 'suitcase', 254, 250, 285, 284], [0.9453737735748291, 'suitcase', 98, 242, 141, 321], [0.9884650707244873, 'suitcase', 160, 234, 217, 320]]
1	[[0.9998681545257568, 'person', 426, 182, 484, 295], [0.9962040781974792, 'person', 403, 264, 546, 392], [0.9128544330596924, 'truck', 329, 3, 394, 37], [0.8164790868759155, 'truck', 201, 34, 246, 76], [0.9828737378120422, 'suitcase', 254, 250, 285, 284], [0.9611968398094177, 'suitcase', 98, 242, 141, 321]]
2	[[0.9997972846031189, 'person', 427, 182, 485, 295], [0.9961330890655518, 'person', 401, 263, 546, 392], [0.896407961845398, 'truck', 330, 2, 396, 37], [0.787147045135498, 'truck', 200, 32, 246, 76], [0.9839555621147156, 'suitcase', 254, 250, 285, 284], [0.9636296629905701, 'suitcase', 98, 242, 141, 321], [0.9900937676429749, 'suitcase', 160, 234, 217, 320]]
3	[[0.9997664093971252, 'person', 426, 185, 486, 292], [0.9933136105537415, 'person', 400, 263, 544, 393], [0.9212720990180969, 'truck', 330, 2, 396, 37], [0.7345366477966309, 'truck', 201, 33, 246, 76], [0.9766975045204163, 'suitcase', 254, 250, 285, 284], [0.955777645111084, 'suitcase', 98, 242, 141, 321]]
4	[[0.9993475079536438, 'person', 423, 180, 489, 302], [0.9934846758842468, 'person', 399, 263, 545, 393], [0.9453185200691223, 'truck', 330, 1, 398, 37], [0.5811805725097656, 'truck', 200, 19, 247, 78], [0.9485699534416199, 'suitcase', 254, 250, 285, 284], [0.9664607644081116, 'suitcase', 98, 242, 141, 321], [0.9868055582046509, 'suitcase', 159, 232, 218, 320]]
5	[[0.9989669322967529, 'person', 438, 183, 492, 295], [0.9912112355232239, 'person', 398, 262, 544, 395], [0.9390716552734375, 'truck', 331, 1, 398, 37], [0.7373878359794617, 'truck', 201, 31, 247, 76], [0.9324203133583069, 'suitcase', 254, 250, 285, 284], [0.9636382460594177, 'suitcase', 98, 241, 140, 321], [0.9814915657043457, 'suitcase', 160, 233, 218, 320]]
6	[[0.9995197057723999, 'person', 425, 176, 490, 301], [0.9823647141456604, 'person', 397, 258, 546, 396], [0.9635780453681946, 'truck', 331, 1, 400, 37], [0.6352271437644958, 'truck', 198, 19, 248, 78], [0.9417541027069092, 'suitcase', 254, 250, 285, 284], [0.9676625728607178, 'suitcase', 98, 242, 140, 321], [0.9870725274085999, 'suitcase', 160, 235, 218, 320]]
7	[[0.9995885491371155, 'person', 425, 175, 490, 300], [0.9815611243247986, 'person', 398, 258, 546, 396], [0.9626525044441223, 'truck', 331, 1, 399, 37], [0.7000877261161804, 'truck', 201, 31, 247, 76], [0.8923728466033936, 'truck', 317, 35, 470, 120], [0.9405423402786255, 'suitcase', 254, 250, 285, 284], [0.9616263508796692, 'suitcase', 98, 242, 140, 321], [0.9860982894897461, 'suitcase', 160, 234, 218, 320]]
8	[[0.9994332194328308, 'person', 430, 173, 497, 303], [0.9996408224105835, 'person', 446, 252, 532, 398], [0.969402015209198, 'truck', 331, 1, 400, 37], [0.7363284826278687, 'truck', 201, 32, 246, 76], [0.9434854984283447, 'suitcase', 254, 250, 285, 284], [0.9872756600379944, 'suitcase', 160, 235, 218, 320], [0.9810625910758972, 'suitcase', 98, 242, 140, 321]]
9	[[0.9998177886009216, 'person', 431, 169, 497, 300], [0.9994959831237793, 'person', 430, 251, 531, 396], [0.6935855150222778, 'car', 196, 19, 246, 79], [0.9689320921897888, 'truck', 330, 0, 401, 38], [0.6930907368659973, 'truck', 200, 31, 246, 76], [0.9843122363090515, 'suitcase', 160, 234, 219, 321], [0.9328484535217285, 'suitcase', 254, 250, 285, 284], [0.9776237607002258, 'suitcase', 98, 242, 139, 321]]
10	[[0.9997041821479797, 'person', 431, 170, 497, 301], [0.9997853636741638, 'person', 445, 251, 532, 399], [0.9671284556388855, 'truck', 332, 0, 401, 37], [0.6044057011604309, 'truck', 200, 31, 246, 76], [0.9424644112586975, 'suitcase', 254, 250, 286, 284], [0.9896160364151001, 'suitcase', 160, 235, 218, 320], [0.9817688465118408, 'suitcase', 98, 243, 139, 321]]
11	[[0.9607976675033569, 'truck', 328, 0, 404, 39], [0.9864565134048462, 'truck', 295, 53, 472, 109], [0.999681830406189, 'person', 433, 168, 498, 301], [0.999811589717865, 'person', 451, 251, 529, 398], [0.9435631036758423, 'suitcase', 254, 250, 286, 284], [0.9905980229377747, 'suitcase', 160, 236, 218, 320], [0.9744462370872498, 'suitcase', 98, 243, 140, 321]]
12	[[0.9737098813056946, 'truck', 327, 0, 406, 38], [0.9876368045806885, 'truck', 295, 53, 472, 109], [0.9997500777244568, 'person', 434, 165, 497, 302], [0.9997221827507019, 'person', 455, 248, 528, 397], [0.9292065501213074, 'suitcase', 252, 250, 285, 284], [0.9882059097290039, 'suitcase', 161, 236, 218, 320], [0.9746977090835571, 'suitcase', 98, 243, 139, 321]]
13	[[0.9735963940620422, 'truck', 327, 0, 406, 38], [0.9881110191345215, 'truck', 295, 53, 472, 109], [0.9997664093971252, 'person', 434, 164, 497, 301], [0.9996740818023682, 'person', 456, 249, 528, 397], [0.9212461113929749, 'suitcase', 254, 249, 286, 284], [0.9875468611717224, 'suitcase', 161, 236, 218, 320], [0.9736835360527039, 'suitcase', 98, 243, 139, 321]]
14	[[0.999658465385437, 'person', 435, 165, 497, 306], [0.99979168176651, 'person', 459, 247, 531, 396], [0.9555600881576538, 'truck', 337, 4, 404, 38], [0.9861992597579956, 'truck', 293, 53, 475, 109], [0.9085150361061096, 'suitcase', 254, 250, 286, 284], [0.9883134365081787, 'suitcase', 161, 237, 218, 320], [0.9674906134605408, 'suitcase', 98, 243, 140, 321]]
15	[[0.9987114667892456, 'person', 445, 171, 493, 298], [0.9998286962509155, 'person', 459, 244, 530, 397], [0.978593111038208, 'truck', 329, 0, 413, 40], [0.9522503018379211, 'truck', 317, 35, 470, 119], [0.9310660362243652, 'suitcase', 255, 250, 286, 284], [0.9642624855041504, 'suitcase', 98, 243, 140, 322], [0.9887199997901917, 'suitcase', 160, 236, 218, 320]]
16	[[0.9989645481109619, 'person', 449, 171, 492, 299], [0.9998348951339722, 'person', 460, 243, 531, 397], [0.9772361516952515, 'truck', 331, 0, 413, 40], [0.9272093176841736, 'truck', 318, 35, 470, 119], [0.9161101579666138, 'suitcase', 255, 250, 286, 284], [0.9857521653175354, 'suitcase', 160, 236, 218, 321], [0.9526425004005432, 'suitcase', 98, 243, 140, 322]]
17	[[0.9990087151527405, 'person', 451, 169, 492, 300], [0.9997647404670715, 'person', 459, 242, 529, 396], [0.8856906294822693, 'person', 434, 175, 475, 295], [0.9715443253517151, 'truck', 331, 0, 413, 40], [0.9437397122383118, 'truck', 318, 36, 470, 119], [0.9528404474258423, 'suitcase', 255, 250, 285, 284], [0.9903026223182678, 'suitcase', 161, 236, 218, 321], [0.9655584692955017, 'suitcase', 98, 244, 140, 323]]
18	[[0.9990813732147217, 'person', 449, 168, 491, 301], [0.9996212720870972, 'person', 458, 242, 527, 395], [0.9678795337677002, 'truck', 336, 3, 409, 39], [0.9223388433456421, 'truck', 318, 36, 470, 119], [0.940498411655426, 'suitcase', 255, 250, 286, 284], [0.955530047416687, 'suitcase', 98, 243, 140, 323], [0.9902177453041077, 'suitcase', 161, 236, 218, 320]]
19	[[0.9991618394851685, 'person', 449, 168, 491, 301], [0.999594509601593, 'person', 458, 241, 526, 396], [0.9679343700408936, 'truck', 337, 3, 409, 39], [0.9241572618484497, 'truck', 317, 36, 470, 120], [0.9428287744522095, 'suitcase', 255, 250, 286, 284], [0.9548503756523132, 'suitcase', 98, 243, 140, 323], [0.9894697666168213, 'suitcase', 161, 237, 218, 320]]
20	[[0.9987605810165405, 'person', 447, 165, 490, 300], [0.9997956156730652, 'person', 459, 241, 526, 396], [0.9703695774078369, 'truck', 332, 0, 415, 40], [0.9261940717697144, 'truck', 316, 36, 470, 119], [0.9301940202713013, 'suitcase', 255, 250, 286, 284], [0.9495865702629089, 'suitcase', 99, 244, 140, 322], [0.9902747869491577, 'suitcase', 161, 236, 218, 321]]
21	[[0.9975321292877197, 'person', 444, 164, 490, 300], [0.9999215602874756, 'person', 457, 236, 525, 385], [0.9744521975517273, 'truck', 334, 0, 414, 41], [0.9382938742637634, 'truck', 317, 34, 470, 119], [0.9283472299575806, 'suitcase', 255, 251, 286, 284], [0.9907841682434082, 'suitcase', 160, 235, 219, 321], [0.9445207715034485, 'suitcase', 98, 244, 140, 323]]
22	[[0.9999251365661621, 'person', 459, 233, 525, 386], [0.9945736527442932, 'person', 440, 161, 490, 302], [0.9698969721794128, 'truck', 335, 0, 415, 41], [0.934103786945343, 'truck', 317, 35, 470, 119], [0.9360760450363159, 'suitcase', 255, 251, 286, 284], [0.9911523461341858, 'suitcase', 160, 235, 219, 321], [0.9392027854919434, 'suitcase', 99, 244, 140, 322]]
23	[[0.9972981810569763, 'person', 440, 160, 490, 301], [0.9999200105667114, 'person', 459, 233, 526, 386], [0.964723527431488, 'truck', 335, 0, 415, 41], [0.9898809790611267, 'suitcase', 160, 236, 219, 321], [0.9392808079719543, 'suitcase', 255, 251, 286, 284], [0.9256013035774231, 'suitcase', 99, 244, 141, 322]]
24	[[0.9968365430831909, 'person', 440, 160, 488, 301], [0.9999399185180664, 'person', 460, 232, 527, 389], [0.9703163504600525, 'truck', 336, 0, 416, 41], [0.9310823678970337, 'suitcase', 255, 251, 286, 284], [0.9828232526779175, 'suitcase', 161, 235, 219, 321], [0.924630880355835, 'suitcase', 99, 244, 141, 322]]
25	[[0.9967066645622253, 'person', 440, 160, 488, 302], [0.999935507774353, 'person', 460, 232, 528, 390], [0.9698231816291809, 'truck', 336, 0, 416, 41], [0.9231606721878052, 'suitcase', 255, 251, 286, 284], [0.9845269918441772, 'suitcase', 161, 235, 219, 321], [0.9269872307777405, 'suitcase', 99, 244, 141, 322]]
26	[[0.9974738955497742, 'person', 425, 161, 486, 300], [0.999896764755249, 'person', 460, 234, 530, 389], [0.9790624380111694, 'truck', 336, 0, 417, 41], [0.9370400905609131, 'suitcase', 255, 251, 286, 284], [0.9874217510223389, 'suitcase', 161, 235, 219, 321], [0.9306995272636414, 'suitcase', 99, 243, 141, 322]]
27	[[0.9998030066490173, 'person', 423, 160, 484, 300], [0.9999030828475952, 'person', 457, 232, 532, 392], [0.9750567078590393, 'truck', 337, 0, 417, 41], [0.5953294634819031, 'truck', 200, 33, 246, 76], [0.9372304677963257, 'suitcase', 255, 251, 286, 284], [0.9892290830612183, 'suitcase', 161, 235, 219, 321], [0.9315977096557617, 'suitcase', 99, 243, 141, 323]]
28	[[0.9999409914016724, 'person', 421, 161, 482, 305], [0.9999101161956787, 'person', 454, 230, 533, 392], [0.9774883985519409, 'truck', 338, 1, 418, 41], [0.934131383895874, 'suitcase', 255, 251, 286, 284], [0.9909844398498535, 'suitcase', 161, 236, 219, 321], [0.9467714428901672, 'suitcase', 99, 244, 141, 323]]
29	[[0.9999557733535767, 'person', 420, 160, 481, 307], [0.9999182224273682, 'person', 459, 228, 536, 394], [0.9788024425506592, 'truck', 339, 1, 420, 41], [0.9348859190940857, 'suitcase', 255, 251, 286, 284], [0.9897580146789551, 'suitcase', 160, 236, 219, 322], [0.9435315728187561, 'suitcase', 99, 244, 141, 322]]
30	[[0.9999384880065918, 'person', 421, 160, 479, 305], [0.9999128580093384, 'person', 460, 229, 536, 394], [0.9749594926834106, 'truck', 339, 1, 421, 41], [0.9094047546386719, 'suitcase', 255, 251, 286, 284], [0.9878687262535095, 'suitcase', 161, 236, 219, 322], [0.9310616850852966, 'suitcase', 99, 244, 141, 322]]
31	[[0.9999446868896484, 'person', 421, 160, 479, 304], [0.999915361404419, 'person', 460, 229, 537, 394], [0.9750388264656067, 'truck', 339, 1, 421, 41], [0.9161099195480347, 'suitcase', 255, 251, 286, 284], [0.9886741042137146, 'suitcase', 161, 236, 219, 322], [0.9375788569450378, 'suitcase', 99, 244, 141, 322]]
32	[[0.9991512298583984, 'person', 426, 159, 475, 299], [0.9999562501907349, 'person', 462, 230, 536, 393], [0.9731587767601013, 'truck', 341, 1, 422, 41], [0.9431612491607666, 'suitcase', 255, 251, 286, 284], [0.9898743629455566, 'suitcase', 161, 236, 219, 321], [0.9292775392532349, 'suitcase', 99, 243, 141, 322]]
33	[[0.9999477863311768, 'person', 418, 156, 479, 304], [0.999942421913147, 'person', 458, 229, 537, 393], [0.9961672425270081, 'person', 445, 148, 489, 225], [0.9759405255317688, 'truck', 341, 2, 423, 41], [0.9920262694358826, 'suitcase', 160, 235, 219, 322], [0.9428179860115051, 'suitcase', 255, 251, 286, 284], [0.9364539980888367, 'suitcase', 99, 243, 141, 322]]
34	[[0.9998910427093506, 'person', 417, 158, 478, 300], [0.9999516010284424, 'person', 462, 231, 539, 392], [0.998288094997406, 'person', 447, 150, 492, 226], [0.9749916791915894, 'truck', 341, 1, 424, 41], [0.9449732899665833, 'suitcase', 255, 251, 286, 284], [0.993421733379364, 'suitcase', 161, 237, 219, 322], [0.9579840302467346, 'suitcase', 99, 244, 140, 322]]
35	[[0.9999594688415527, 'person', 465, 231, 541, 390], [0.9998635053634644, 'person', 414, 162, 477, 299], [0.9995536208152771, 'person', 445, 151, 492, 226], [0.980144739151001, 'truck', 343, 1, 425, 41], [0.9875784516334534, 'truck', 318, 52, 484, 108], [0.9482019543647766, 'suitcase', 255, 251, 286, 284], [0.9397556781768799, 'suitcase', 99, 243, 140, 322], [0.9881922602653503, 'suitcase', 160, 236, 219, 322]]
36	[[0.9999576807022095, 'person', 476, 228, 545, 394], [0.9999136924743652, 'person', 412, 161, 478, 298], [0.9996728897094727, 'person', 446, 151, 495, 229], [0.9833444952964783, 'truck', 345, 2, 427, 42], [0.9808300733566284, 'truck', 298, 52, 473, 111], [0.9477034211158752, 'suitcase', 255, 251, 286, 284], [0.9342493414878845, 'suitcase', 99, 243, 141, 322], [0.9889206886291504, 'suitcase', 160, 236, 219, 321]]
37	[[0.9999523162841797, 'person', 475, 228, 545, 394], [0.9999314546585083, 'person', 411, 161, 478, 299], [0.9996945858001709, 'person', 447, 151, 496, 229], [0.9816981554031372, 'truck', 345, 2, 427, 42], [0.9793717265129089, 'truck', 299, 52, 472, 111], [0.9359549880027771, 'suitcase', 99, 243, 141, 322], [0.9414715766906738, 'suitcase', 255, 251, 286, 284], [0.9888612627983093, 'suitcase', 160, 236, 219, 321]]
38	[[0.9812642335891724, 'truck', 346, 2, 427, 42], [0.9876977801322937, 'truck', 316, 52, 484, 109], [0.9999377727508545, 'person', 476, 229, 545, 393], [0.9998797178268433, 'person', 414, 159, 475, 300], [0.9958631992340088, 'person', 446, 146, 496, 271], [0.9517505764961243, 'suitcase', 99, 243, 141, 322], [0.9479115605354309, 'suitcase', 255, 251, 286, 284], [0.9908285140991211, 'suitcase', 161, 237, 219, 321], [0.9741727113723755, 'suitcase', 404, 292, 499, 365]]
39	[[0.9998687505722046, 'person', 477, 229, 545, 393], [0.9999452829360962, 'person', 412, 158, 477, 301], [0.9982524514198303, 'person', 446, 146, 495, 276], [0.9845340251922607, 'truck', 346, 1, 428, 41], [0.7244898080825806, 'truck', 201, 34, 246, 76], [0.9870826005935669, 'truck', 315, 52, 485, 109], [0.9506765007972717, 'suitcase', 255, 250, 286, 284], [0.9219308495521545, 'suitcase', 99, 242, 141, 322], [0.9886597394943237, 'suitcase', 161, 236, 219, 321]]
40	[[0.9998030066490173, 'person', 473, 228, 550, 393], [0.9999604225158691, 'person', 411, 156, 474, 303], [0.9983945488929749, 'person', 451, 146, 496, 283], [0.9845239520072937, 'truck', 347, 1, 429, 42], [0.9899674654006958, 'truck', 314, 52, 486, 109], [0.9561595916748047, 'suitcase', 256, 250, 286, 284], [0.9647850394248962, 'suitcase', 99, 242, 141, 322], [0.9918335676193237, 'suitcase', 161, 237, 219, 321]]
41	[[0.9821949601173401, 'truck', 347, 1, 429, 42], [0.9871773719787598, 'truck', 315, 52, 486, 109], [0.999933123588562, 'person', 473, 229, 552, 392], [0.9987937211990356, 'person', 450, 145, 496, 286], [0.998752236366272, 'person', 403, 162, 464, 254], [0.9506469964981079, 'suitcase', 255, 250, 286, 284], [0.9896799921989441, 'suitcase', 161, 236, 219, 321], [0.9586324095726013, 'suitcase', 99, 242, 141, 322]]
42	[[0.9807631969451904, 'truck', 347, 0, 430, 42], [0.9889342188835144, 'truck', 316, 52, 485, 109], [0.7406082153320312, 'truck', 201, 33, 246, 76], [0.9999301433563232, 'person', 475, 230, 555, 391], [0.9994818568229675, 'person', 454, 147, 497, 287], [0.9995958209037781, 'person', 403, 162, 462, 257], [0.9498565793037415, 'suitcase', 255, 250, 286, 284], [0.9641157388687134, 'suitcase', 100, 243, 140, 322], [0.9917987585067749, 'suitcase', 161, 237, 219, 321]]
