1	17.3	2.33	6.103515625e-05	0.1391904354095459	1.639697551727295	0	0.0
2	14.8	4.41	1.9550323486328125e-05	0.02458786964416504	0.7938597202301025	0	0.0
3	66.7	6.38	2.002716064453125e-05	0.017362117767333984	0.8162944316864014	0	0.0
4	75.0	8.19	2.1457672119140625e-05	0.017735004425048828	0.8323819637298584	0	0.0
5	33.3	9.90	1.9073486328125e-05	0.016556739807128906	0.8486559391021729	0	0.0
6	75.0	11.43	2.3126602172851562e-05	0.019774913787841797	0.8637452125549316	0	0.0
7	33.3	12.93	1.8835067749023438e-05	0.016579627990722656	0.8821408748626709	0	0.0
8	66.7	14.34	2.0503997802734375e-05	0.016428232192993164	0.897193431854248	0	0.0
9	66.7	15.67	2.0265579223632812e-05	0.016348838806152344	0.9121716022491455	0	0.0
10	60.0	16.91	2.0265579223632812e-05	0.016698122024536133	0.9252059459686279	0	0.0
11	66.7	18.10	1.9550323486328125e-05	0.016295671463012695	0.9404833316802979	0	0.0
12	66.7	19.23	2.0742416381835938e-05	0.01638007164001465	0.9437737464904785	0	0.0
13	66.7	20.30	2.0265579223632812e-05	0.016309022903442383	0.9585554599761963	0	0.0
14	33.3	21.31	2.002716064453125e-05	0.016352176666259766	0.9718072414398193	0	0.0
15	75.0	22.17	1.8835067749023438e-05	0.019455671310424805	0.9867439270019531	0	0.0
16	100.0	23.06	1.9073486328125e-05	0.01724076271057129	0.9853987693786621	0	0.0
17	100.0	23.90	2.002716064453125e-05	0.01735234260559082	0.021595478057861328	0	0.0
18	100.0	24.71	1.9550323486328125e-05	0.017186641693115234	0.03731107711791992	0	0.0
19	100.0	25.21	1.8835067749023438e-05	0.02510666847229004	0.05338430404663086	0	0.0
20	100.0	25.72	1.9073486328125e-05	0.023875951766967773	0.057541608810424805	0	0.0
21	66.7	23.55	3.361701965332031e-05	0.11412644386291504	0.07582974433898926	0	0.0
22	12.5	24.00	1.9788742065429688e-05	0.02456355094909668	0.1849379539489746	0	0.0
23	66.7	24.65	1.9311904907226562e-05	0.016393423080444336	0.20737051963806152	0	0.0
24	66.7	25.27	2.002716064453125e-05	0.01640915870666504	0.20850110054016113	0	0.0
25	50.0	25.87	1.8596649169921875e-05	0.01667165756225586	0.22393584251403809	0	0.0
26	66.7	26.45	2.1457672119140625e-05	0.01639866828918457	0.23413348197937012	0	0.0
27	66.7	27.02	1.9073486328125e-05	0.016289710998535156	0.24894118309020996	0	0.0
28	75.0	27.57	2.1219253540039062e-05	0.016347646713256836	0.2500419616699219	0	0.0
29	50.0	28.10	1.8596649169921875e-05	0.016397476196289062	0.2581775188446045	0	0.0
30	66.7	28.61	2.1457672119140625e-05	0.016392946243286133	0.272519588470459	0	0.0
31	33.3	29.09	1.811981201171875e-05	0.016994714736938477	0.28036022186279297	0	0.0
32	9.4	15.32	1.9550323486328125e-05	0.022489309310913086	0.3042151927947998	0	0.0
33	50.0	15.66	1.7881393432617188e-05	0.01743173599243164	0.32491302490234375	0	0.0
34	75.0	16.00	1.9788742065429688e-05	0.01746845245361328	0.3406398296356201	0	0.0
35	33.3	16.35	1.811981201171875e-05	0.01633429527282715	0.35640668869018555	0	0.0
36	66.7	16.68	1.9073486328125e-05	0.016806364059448242	0.357572078704834	0	0.0
37	66.7	17.02	1.9073486328125e-05	0.0161283016204834	0.3734619617462158	0	0.0
38	60.0	17.35	1.8358230590820312e-05	0.016373157501220703	0.3886568546295166	0	0.0
39	50.0	17.67	1.9073486328125e-05	0.016193151473999023	0.40236330032348633	0	0.0
40	66.7	17.99	2.09808349609375e-05	0.016466379165649414	0.4062678813934326	0	0.0
41	60.0	17.54	3.647804260253906e-05	0.11358523368835449	0.4213850498199463	0	0.0
42	13.6	17.81	1.9788742065429688e-05	0.0212709903717041	0.5335054397583008	0	0.0
43	50.0	18.10	1.9073486328125e-05	0.01663661003112793	0.5537266731262207	0	0.0
44	66.7	18.39	2.0742416381835938e-05	0.017363548278808594	0.5585010051727295	0	0.0
45	50.0	18.68	1.9073486328125e-05	0.016420364379882812	0.574669599533081	0	0.0
46	66.7	18.97	2.0503997802734375e-05	0.016318559646606445	0.5900173187255859	0	0.0
47	7.4	13.62	1.9073486328125e-05	0.02403545379638672	0.605766773223877	0	0.0
48	50.0	13.84	1.71661376953125e-05	0.016476154327392578	0.6122214794158936	0	0.0
49	66.7	14.06	1.9073486328125e-05	0.017791748046875	0.6275491714477539	0	0.0
50	66.7	14.28	1.8835067749023438e-05	0.016262531280517578	0.6443166732788086	0	0.0
51	50.0	14.50	1.8835067749023438e-05	0.016286611557006836	0.6596629619598389	0	0.0
52	50.0	14.71	1.9073486328125e-05	0.016269207000732422	0.6633450984954834	0	0.0
53	66.7	14.93	1.8596649169921875e-05	0.01633453369140625	0.674983024597168	0	0.0
54	50.0	15.14	1.9073486328125e-05	0.01635885238647461	0.6903078556060791	0	0.0
55	80.0	15.35	1.811981201171875e-05	0.016370773315429688	0.7057046890258789	0	0.0
56	66.7	15.56	1.8596649169921875e-05	0.016234159469604492	0.7086277008056641	0	0.0
57	50.0	15.76	1.811981201171875e-05	0.01633739471435547	0.7236549854278564	0	0.0
58	50.0	15.97	2.002716064453125e-05	0.016310691833496094	0.7389256954193115	0	0.0
59	66.7	16.17	1.8835067749023438e-05	0.0164031982421875	0.7542154788970947	0	0.0
60	66.7	16.37	1.9311904907226562e-05	0.016274452209472656	0.7586579322814941	0	0.0
61	50.0	16.14	2.2649765014648438e-05	0.11408829689025879	0.7737293243408203	0	0.0
62	10.4	12.90	1.9311904907226562e-05	0.023506641387939453	0.8880422115325928	0	0.0
63	50.0	13.07	1.811981201171875e-05	0.016669034957885742	0.9098331928253174	0	0.0
64	66.7	13.23	1.7881393432617188e-05	0.0163729190826416	0.9109163284301758	0	0.0
65	66.7	13.39	1.8358230590820312e-05	0.016224145889282227	0.924715518951416	0	0.0
66	33.3	13.55	2.0265579223632812e-05	0.016368627548217773	0.9399323463439941	0	0.0
67	66.7	13.71	1.9073486328125e-05	0.016335010528564453	0.9553227424621582	0	0.0
68	75.0	13.87	2.0265579223632812e-05	0.016355037689208984	0.959712028503418	0	0.0
69	50.0	14.02	1.9073486328125e-05	0.01643228530883789	0.9749884605407715	0	0.0
70	66.7	14.18	2.09808349609375e-05	0.016357421875	0.9903688430786133	0	0.0
71	50.0	14.34	1.8596649169921875e-05	0.01625204086303711	1.0057003498077393	0	0.0
72	100.0	14.48	1.8358230590820312e-05	0.018565893173217773	1.0114848613739014	0	0.0
73	100.0	14.64	1.8358230590820312e-05	0.016458749771118164	1.0287933349609375	0	0.0
74	100.0	14.79	1.811981201171875e-05	0.016401052474975586	1.0442090034484863	0	0.0
75	100.0	14.94	1.8835067749023438e-05	0.01631903648376465	1.0502748489379883	0	0.0
76	100.0	15.09	1.7881393432617188e-05	0.016496658325195312	1.0607681274414062	0	0.0
77	75.0	15.24	2.7179718017578125e-05	0.01641106605529785	0.08121013641357422	0	0.0
78	75.0	15.38	1.8358230590820312e-05	0.016381502151489258	0.09672665596008301	0	0.0
79	66.7	15.53	1.8835067749023438e-05	0.016280651092529297	0.10634326934814453	0	0.0
80	50.0	15.68	1.9311904907226562e-05	0.016274452209472656	0.11256837844848633	0	0.0
81	66.7	15.53	3.743171691894531e-05	0.11347198486328125	0.1277308464050293	0	0.0
82	23.1	15.65	1.9311904907226562e-05	0.023438692092895508	0.2388746738433838	0	0.0
83	66.7	15.79	1.8835067749023438e-05	0.016149520874023438	0.2611572742462158	0	0.0
84	50.0	15.93	1.9788742065429688e-05	0.01655721664428711	0.2615165710449219	0	0.0
85	66.7	16.07	2.002716064453125e-05	0.01631450653076172	0.27701878547668457	0	0.0
86	66.7	16.21	2.0265579223632812e-05	0.016314983367919922	0.2906310558319092	0	0.0
87	33.3	16.35	1.9073486328125e-05	0.01632976531982422	0.30591726303100586	0	0.0
88	66.7	16.48	1.9550323486328125e-05	0.016340255737304688	0.2928586006164551	0	0.0
89	66.7	16.62	1.8596649169921875e-05	0.016218185424804688	0.30811214447021484	0	0.0
90	60.0	16.75	2.2649765014648438e-05	0.016493558883666992	0.32184767723083496	0	0.0
91	50.0	16.89	1.9073486328125e-05	0.016293764114379883	0.33715391159057617	0	0.0
92	6.4	14.35	2.0265579223632812e-05	0.021312713623046875	0.3528900146484375	0	0.0
93	66.7	14.47	2.002716064453125e-05	0.0170745849609375	0.37245702743530273	0	0.0
94	50.0	14.59	2.0503997802734375e-05	0.01630568504333496	0.38697242736816406	0	0.0
95	66.7	14.70	1.9073486328125e-05	0.016339540481567383	0.4016914367675781	0	0.0
96	66.7	14.82	1.9788742065429688e-05	0.016265392303466797	0.40466976165771484	0	0.0
97	50.0	14.94	1.9311904907226562e-05	0.01628565788269043	0.4200117588043213	0	0.0
98	66.7	15.05	1.9073486328125e-05	0.016304969787597656	0.435361385345459	0	0.0
99	66.7	15.17	1.9073486328125e-05	0.016275644302368164	0.44982481002807617	0	0.0
100	66.7	15.28	1.9311904907226562e-05	0.016465425491333008	0.45368266105651855	0	0.0
101	33.3	15.17	2.7418136596679688e-05	0.11328458786010742	0.46730709075927734	0	0.0
102	13.0	15.28	1.8835067749023438e-05	0.02025580406188965	0.5796809196472168	0	0.0
103	66.7	15.39	1.8835067749023438e-05	0.016500234603881836	0.5988411903381348	0	0.0
104	50.0	15.50	2.1457672119140625e-05	0.01634836196899414	0.604670524597168	0	0.0
105	66.7	15.61	1.9311904907226562e-05	0.01633763313293457	0.6198709011077881	0	0.0
106	66.7	15.72	2.193450927734375e-05	0.01647663116455078	0.6347670555114746	0	0.0
107	8.3	13.78	5.1021575927734375e-05	0.02237081527709961	0.6505768299102783	0	0.0
108	33.3	13.88	1.8358230590820312e-05	0.016554832458496094	0.6558718681335449	0	0.0
109	66.7	13.98	2.0503997802734375e-05	0.016324281692504883	0.6714825630187988	0	0.0
110	66.7	14.08	1.811981201171875e-05	0.016357898712158203	0.6868612766265869	0	0.0
111	75.0	14.17	2.0742416381835938e-05	0.016316652297973633	0.7022361755371094	0	0.0
112	33.3	14.27	1.8596649169921875e-05	0.016309261322021484	0.7042169570922852	0	0.0
113	66.7	14.37	1.9788742065429688e-05	0.016322612762451172	0.718670129776001	0	0.0
114	66.7	14.47	1.9550323486328125e-05	0.016345500946044922	0.7338323593139648	0	0.0
115	50.0	14.56	2.1219253540039062e-05	0.016335487365722656	0.7489984035491943	0	0.0
116	66.7	14.66	1.9788742065429688e-05	0.01716470718383789	0.7548367977142334	0	0.0
117	66.7	14.75	2.1696090698242188e-05	0.016379117965698242	0.7708547115325928	0	0.0
118	50.0	14.85	1.9073486328125e-05	0.016281604766845703	0.786221981048584	0	0.0
119	75.0	14.94	1.8596649169921875e-05	0.016491413116455078	0.8014473915100098	0	0.0
120	66.7	15.04	1.8596649169921875e-05	0.016492128372192383	0.807976245880127	0	0.0
121	50.0	14.95	3.719329833984375e-05	0.11530661582946777	0.823369026184082	0	0.0
122	7.2	13.38	2.002716064453125e-05	0.02376413345336914	0.9382007122039795	0	0.0
123	50.0	13.46	1.811981201171875e-05	0.017279863357543945	0.9600698947906494	0	0.0
124	75.0	13.54	1.8358230590820312e-05	0.017599821090698242	0.9637885093688965	0	0.0
125	50.0	13.63	1.7642974853515625e-05	0.01795816421508789	0.978477954864502	0	0.0
126	66.7	13.71	1.8596649169921875e-05	0.016604185104370117	0.9954934120178223	0	0.0
127	50.0	13.79	1.9311904907226562e-05	0.016190528869628906	1.011089563369751	0	0.0
128	100.0	13.88	1.811981201171875e-05	0.017825603485107422	1.0151453018188477	0	0.0
129	80.0	13.95	2.1219253540039062e-05	0.021990060806274414	1.0317437648773193	0	0.0
130	100.0	14.01	2.7179718017578125e-05	0.028404712677001953	1.0537083148956299	0	0.0
131	75.0	14.10	1.8596649169921875e-05	0.01685500144958496	1.0810179710388184	0	0.0
132	66.7	14.18	2.2172927856445312e-05	0.017337799072265625	1.086404800415039	0	0.0
133	50.0	14.26	1.8596649169921875e-05	0.01657557487487793	1.102649450302124	0	0.0
134	66.7	14.34	2.0742416381835938e-05	0.017571210861206055	1.1181483268737793	0	0.0
135	50.0	14.42	1.8596649169921875e-05	0.01699233055114746	1.134704351425171	0	0.0
136	66.7	14.50	1.9788742065429688e-05	0.0175323486328125	1.1397972106933594	0	0.0
137	66.7	14.58	2.1696090698242188e-05	0.017160415649414062	0.16745948791503906	0	0.0
138	50.0	14.65	1.9073486328125e-05	0.020953655242919922	0.18354010581970215	0	0.0
139	50.0	14.73	2.002716064453125e-05	0.016267061233520508	0.19720029830932617	0	0.0
140	66.7	14.81	1.9073486328125e-05	0.016345977783203125	0.20481395721435547	0	0.0
141	75.0	14.74	3.743171691894531e-05	0.11386680603027344	0.22023272514343262	0	0.0
142	9.1	14.81	1.8596649169921875e-05	0.02115464210510254	0.3313632011413574	0	0.0
143	66.7	14.89	1.9788742065429688e-05	0.016710281372070312	0.35153889656066895	0	0.0
144	75.0	14.97	2.09808349609375e-05	0.01749134063720703	0.3578531742095947	0	0.0
145	50.0	15.05	1.8835067749023438e-05	0.016797304153442383	0.3739333152770996	0	0.0
146	66.7	15.12	1.9311904907226562e-05	0.016278982162475586	0.3890419006347656	0	0.0
147	66.7	15.20	1.8835067749023438e-05	0.016283273696899414	0.404163122177124	0	0.0
148	50.0	15.28	2.1219253540039062e-05	0.016362428665161133	0.40900373458862305	0	0.0
149	66.7	15.36	1.8596649169921875e-05	0.016789913177490234	0.4207124710083008	0	0.0
150	66.7	15.43	1.8835067749023438e-05	0.016387462615966797	0.4360654354095459	0	0.0
151	50.0	15.51	1.9311904907226562e-05	0.016353845596313477	0.4432222843170166	0	0.0
152	6.4	14.12	1.8596649169921875e-05	0.024733781814575195	0.4670393466949463	0	0.0
153	60.0	14.19	1.7881393432617188e-05	0.01746368408203125	0.48999691009521484	0	0.0
154	50.0	14.26	2.0503997802734375e-05	0.01669788360595703	0.5044443607330322	0	0.0
155	50.0	14.33	1.8358230590820312e-05	0.0177915096282959	0.5194520950317383	0	0.0
156	66.7	14.40	1.8835067749023438e-05	0.016294002532958984	0.5234713554382324	0	0.0
157	75.0	14.47	1.9073486328125e-05	0.016343355178833008	0.5387701988220215	0	0.0
158	33.3	14.54	1.9073486328125e-05	0.01629948616027832	0.554112434387207	0	0.0
159	66.7	14.61	1.9073486328125e-05	0.01626729965209961	0.5627720355987549	0	0.0
160	75.0	14.68	2.002716064453125e-05	0.016473770141601562	0.5742871761322021	0	0.0
161	33.3	14.62	2.6702880859375e-05	0.11332273483276367	0.5839300155639648	0	0.0
162	13.0	14.69	1.9073486328125e-05	0.019628047943115234	0.6962900161743164	0	0.0
163	50.0	14.76	1.8835067749023438e-05	0.01644158363342285	0.7148458957672119	0	0.0
164	66.7	14.82	2.3126602172851562e-05	0.01648569107055664	0.720947265625	0	0.0
165	75.0	14.89	1.9550323486328125e-05	0.016316890716552734	0.7363040447235107	0	0.0
166	50.0	14.96	2.1696090698242188e-05	0.016355037689208984	0.7515270709991455	0	0.0
167	6.9	13.78	1.8596649169921875e-05	0.0236971378326416	0.7673490047454834	0	0.0
168	66.7	13.84	1.7404556274414062e-05	0.01724100112915039	0.7749760150909424	0	0.0
169	66.7	13.90	3.075599670410156e-05	0.01824331283569336	0.7909402847290039	0	0.0
170	50.0	13.96	1.9073486328125e-05	0.018487930297851562	0.8080449104309082	0	0.0
171	75.0	14.03	1.9550323486328125e-05	0.016448259353637695	0.8254170417785645	0	0.0
172	50.0	14.09	2.0265579223632812e-05	0.016200780868530273	0.8303132057189941	0	0.0
173	50.0	14.15	1.9073486328125e-05	0.016455888748168945	0.842965841293335	0	0.0
174	66.7	14.21	1.9073486328125e-05	0.016250133514404297	0.858330249786377	0	0.0
175	50.0	14.28	1.8835067749023438e-05	0.01642608642578125	0.8735082149505615	0	0.0
176	66.7	14.34	2.1457672119140625e-05	0.01632404327392578	0.8798356056213379	0	0.0
177	66.7	14.40	1.9788742065429688e-05	0.0163881778717041	0.8950865268707275	0	0.0
178	50.0	14.46	2.09808349609375e-05	0.016532421112060547	0.9104537963867188	0	0.0
179	50.0	14.53	2.002716064453125e-05	0.016391754150390625	0.9259481430053711	0	0.0
180	75.0	14.59	2.1219253540039062e-05	0.016388654708862305	0.9321327209472656	0	0.0
181	66.7	14.51	4.100799560546875e-05	0.1300959587097168	0.9470672607421875	0	0.0
182	63.0	14.54	0.013381719589233398	0.03258824348449707	0.07663917541503906	1	0.921728
183	77.8	14.57	0.01283121109008789	0.03229880332946777	0.12081527709960938	1	1.843456
184	100.0	14.60	0.010393381118774414	0.031672000885009766	0.14963150024414062	1	2.765184
185	100.0	14.63	0.012507438659667969	0.03189492225646973	0.1902778148651123	1	3.686912
186	87.5	14.65	0.011783361434936523	0.03272199630737305	0.23337078094482422	1	4.60864
187	100.0	14.68	0.01024770736694336	0.033532142639160156	0.2767975330352783	1	5.530368
188	90.0	14.70	0.02053523063659668	0.03335237503051758	0.31055760383605957	1	6.452096
189	90.0	14.72	0.014150381088256836	0.03670763969421387	0.3627917766571045	1	7.373824
190	100.0	14.75	0.010036230087280273	0.0335230827331543	0.4108428955078125	1	8.295552
191	100.0	14.77	0.010082721710205078	0.0330653190612793	0.45331454277038574	1	9.21728
192	88.9	14.80	0.01148843765258789	0.03357887268066406	0.484818696975708	1	10.139008
193	100.0	14.83	0.010967254638671875	0.033316612243652344	0.5286521911621094	1	11.060736
194	88.9	14.85	0.012077569961547852	0.03463101387023926	0.5716555118560791	1	11.982464
195	100.0	14.87	0.010327816009521484	0.03463935852050781	0.6172749996185303	1	12.904192
196	100.0	14.90	0.011142969131469727	0.03496718406677246	0.6386861801147461	1	13.82592
197	13.9	13.87	0.01169133186340332	0.037650108337402344	0.7067606449127197	1	14.747648
198	88.9	13.89	0.010195493698120117	0.03355908393859863	0.7543489933013916	1	15.669376
199	100.0	13.92	0.011093616485595703	0.034525394439697266	0.7963590621948242	1	16.591104
200	90.0	13.94	0.011766910552978516	0.035661935806274414	0.8271424770355225	1	17.512832
201	100.0	13.89	0.014766931533813477	0.11638617515563965	0.8735723495483398	1	18.43456
202	48.0	13.93	0.011701345443725586	0.019230365753173828	1.003624677658081	1	19.356288
203	83.3	13.96	0.010773420333862305	0.019901037216186523	1.0332252979278564	1	20.278016
204	87.5	14.00	0.01054239273071289	0.026267528533935547	1.0519065856933594	1	21.199744
205	60.0	14.03	0.01897120475769043	0.019281387329101562	1.0876188278198242	1	22.121472
206	37.5	14.06	0.014487504959106445	0.021696805953979492	1.1235582828521729	1	23.0432
207	57.1	14.10	0.012009859085083008	0.02101278305053711	1.1586511135101318	1	23.964928
208	42.9	14.14	0.012379646301269531	0.02101731300354004	1.1804296970367432	1	24.886656
209	40.0	14.17	0.017925024032592773	0.018687963485717773	1.2117884159088135	1	25.808384
210	50.0	14.20	0.011167526245117188	0.022943735122680664	1.2475521564483643	1	26.730112
211	50.0	14.24	0.011070728302001953	0.017321348190307617	1.2799882888793945	1	27.65184
212	50.0	14.28	0.010562419891357422	0.01684427261352539	0.30689358711242676	1	28.573568
213	60.0	14.32	0.011291980743408203	0.018472671508789062	0.33321666717529297	1	29.495296
214	50.0	14.36	0.010867834091186523	0.019316911697387695	0.361156702041626	1	30.417024
215	50.0	14.40	0.010601997375488281	0.018059730529785156	0.38312649726867676	1	31.338752
216	50.0	14.44	0.011296749114990234	0.017642736434936523	0.4055814743041992	1	32.26048
217	60.0	14.48	0.010851144790649414	0.01724076271057129	0.4334447383880615	1	33.182208
218	62.5	14.52	0.00994729995727539	0.0189363956451416	0.45873069763183594	1	34.103936
219	66.7	14.56	0.010941028594970703	0.017950057983398438	0.48613405227661133	1	35.025664
220	50.0	14.59	0.010569095611572266	0.018872976303100586	0.5018939971923828	1	35.947392
221	62.5	14.53	6.651878356933594e-05	0.13348007202148438	0.5290818214416504	0	35.947392
222	12.5	14.55	0.010448455810546875	0.03336071968078613	0.6611654758453369	1	36.86912
223	100.0	14.58	0.011933565139770508	0.03289008140563965	0.7018272876739502	1	37.790848
224	90.0	14.60	0.010190963745117188	0.03293037414550781	0.734886884689331	1	38.712576
225	100.0	14.62	0.014778614044189453	0.03462100028991699	0.7766702175140381	1	39.634304
226	90.0	14.63	0.018414735794067383	0.03443312644958496	0.8236050605773926	1	40.556032
227	12.9	13.76	0.010901689529418945	0.03670954704284668	0.8781037330627441	1	41.47776
228	87.5	13.79	0.011960029602050781	0.033765554428100586	0.916468620300293	1	42.399488
229	100.0	13.80	0.026439666748046875	0.03273177146911621	0.9611434936523438	1	43.321216
230	83.3	13.80	0.027860403060913086	0.035680294036865234	1.0181193351745605	1	44.242944
231	100.0	13.80	0.01744842529296875	0.06036686897277832	1.0806419849395752	1	45.164672
232	100.0	13.82	0.011806488037109375	0.0366365909576416	1.1471729278564453	1	46.0864
233	91.7	13.84	0.013379335403442383	0.03852725028991699	1.1937730312347412	1	47.008128
234	100.0	13.86	0.010976552963256836	0.03842449188232422	1.2445790767669678	1	47.929856
235	100.0	13.88	0.012590408325195312	0.03416633605957031	1.2919433116912842	1	48.851584
236	88.9	13.90	0.01128530502319336	0.035604238510131836	1.3289680480957031	1	49.773312
237	100.0	13.92	0.012791872024536133	0.03473329544067383	1.3748652935028076	1	50.69504
238	90.9	13.94	0.011835336685180664	0.03450751304626465	1.4214613437652588	1	51.616768
239	100.0	13.96	0.01383829116821289	0.034461021423339844	1.4668021202087402	1	52.538496
240	100.0	13.97	0.021196842193603516	0.03465151786804199	1.504925012588501	1	53.460224
241	91.7	13.92	0.014493703842163086	0.11761236190795898	1.5596880912780762	1	54.381952
242	46.2	13.95	0.011245965957641602	0.02140641212463379	0.6782965660095215	1	55.30368
243	50.0	13.98	0.010801315307617188	0.019223928451538086	0.7100532054901123	1	56.225408
244	50.0	14.02	0.010766744613647461	0.017163991928100586	0.723613977432251	1	57.147136
245	60.0	14.05	0.010283946990966797	0.020615577697753906	0.7481677532196045	1	58.068864
246	50.0	14.08	0.011286020278930664	0.019867420196533203	0.7767715454101562	1	58.990592
247	57.1	14.12	0.010086774826049805	0.018216848373413086	0.8069345951080322	1	59.91232
248	60.0	14.15	0.01055002212524414	0.018003225326538086	0.8285834789276123	1	60.834048
249	40.0	14.19	0.01098179817199707	0.01825690269470215	0.8492412567138672	1	61.755776
250	66.7	14.22	0.011714935302734375	0.019437789916992188	0.8626043796539307	1	62.677504
251	57.1	14.25	0.011911153793334961	0.021019697189331055	0.8746695518493652	1	63.599232
252	40.0	14.28	0.012140274047851562	0.017531156539916992	0.906667947769165	1	64.52096
253	50.0	14.31	0.011896133422851562	0.01862049102783203	0.930283784866333	1	65.442688
254	50.0	14.34	0.012939214706420898	0.01823139190673828	0.9475622177124023	1	66.364416
255	66.7	14.37	0.018074750900268555	0.017127037048339844	0.9774575233459473	1	67.286144
256	85.7	14.40	0.015032529830932617	0.017150163650512695	1.0102779865264893	1	68.207872
257	88.9	14.43	0.01083993911743164	0.02092742919921875	0.042821645736694336	1	69.1296
258	80.0	14.46	0.011692523956298828	0.019095659255981445	0.05911064147949219	1	70.051328
259	57.1	14.48	0.02501511573791504	0.020865201950073242	0.08882808685302734	1	70.973056
260	50.0	14.50	0.025345325469970703	0.02427506446838379	0.13188958168029785	1	71.894784
261	50.0	14.44	5.7697296142578125e-05	0.1360335350036621	0.1805267333984375	0	71.894784
262	26.9	14.46	0.011394262313842773	0.03379988670349121	0.2971339225769043	1	72.816512
263	87.5	14.48	0.010462522506713867	0.031215190887451172	0.3397088050842285	1	73.73824
264	100.0	14.50	0.012478351593017578	0.03324460983276367	0.38024353981018066	1	74.659968
265	90.0	14.52	0.011022567749023438	0.032181739807128906	0.4189605712890625	1	75.581696
266	100.0	14.54	0.012099981307983398	0.03272843360900879	0.4556007385253906	1	76.503424
267	88.9	14.56	0.010892152786254883	0.032186031341552734	0.49888157844543457	1	77.425152
268	100.0	14.58	0.010408878326416016	0.03282928466796875	0.5381250381469727	1	78.34688
269	100.0	14.60	0.01286458969116211	0.03352069854736328	0.5802302360534668	1	79.268608
270	100.0	14.62	0.011825323104858398	0.03567242622375488	0.6108849048614502	1	80.190336
271	90.9	14.63	0.011156082153320312	0.04010772705078125	0.6574664115905762	1	81.112064
272	18.2	13.90	0.011108636856079102	0.039063215255737305	0.7081561088562012	1	82.033792
273	80.0	13.92	0.009998083114624023	0.03252577781677246	0.75667405128479	1	82.95552
274	100.0	13.94	0.012180805206298828	0.03182554244995117	0.7840356826782227	1	83.877248
275	100.0	13.95	0.012525081634521484	0.03325247764587402	0.8249914646148682	1	84.798976
276	100.0	13.96	0.01719188690185547	0.039621829986572266	0.8698196411132812	1	85.720704
277	90.0	13.98	0.011893987655639648	0.03779959678649902	0.9257166385650635	1	86.642432
278	100.0	13.98	0.029900074005126953	0.03731656074523926	0.9616563320159912	1	87.56416
279	94.7	13.97	0.013937234878540039	0.07842445373535156	1.027658462524414	1	88.485888
280	100.0	13.99	0.010691404342651367	0.0357363224029541	1.1156799793243408	1	89.407616
281	90.9	13.93	0.011515140533447266	0.13766002655029297	1.1609950065612793	1	90.329344
282	53.3	13.95	0.010523796081542969	0.03740692138671875	1.3004515171051025	1	91.251072
283	88.9	13.97	0.011622905731201172	0.035492658615112305	1.3471448421478271	1	92.1728
284	100.0	13.98	0.013857364654541016	0.035655975341796875	1.3927443027496338	1	93.094528
285	90.0	14.00	0.0130462646484375	0.03515911102294922	1.4412119388580322	1	94.016256
286	100.0	14.01	0.012222051620483398	0.03759479522705078	1.475672721862793	1	94.937984
287	91.7	14.02	0.014941930770874023	0.04024243354797363	0.5371959209442139	1	95.859712
288	100.0	14.03	0.029619216918945312	0.03642892837524414	0.5906331539154053	1	96.78144
289	84.6	14.04	0.020061492919921875	0.036698341369628906	0.6519553661346436	1	97.703168
290	90.0	14.05	0.013319969177246094	0.03690147399902344	0.7006566524505615	1	98.624896
291	100.0	14.06	0.011274099349975586	0.0373835563659668	0.7498397827148438	1	99.546624
292	100.0	14.08	0.012091398239135742	0.0409088134765625	0.7958889007568359	1	100.468352
293	90.9	14.09	0.012815237045288086	0.03678727149963379	0.8479137420654297	1	101.39008
294	100.0	14.11	0.011808156967163086	0.03596019744873047	0.8849284648895264	1	102.311808
295	100.0	14.12	0.01283574104309082	0.03570270538330078	0.93172287940979	1	103.233536
296	100.0	14.14	0.01082468032836914	0.037584781646728516	0.9769759178161621	1	104.155264
297	92.9	14.12	0.01915287971496582	0.07066774368286133	1.0243964195251465	1	105.076992
298	100.0	14.13	0.01318669319152832	0.04959368705749512	1.078087329864502	1	105.99872
299	100.0	14.14	0.014225244522094727	0.035741329193115234	1.1391770839691162	1	106.920448
300	88.9	14.16	0.011039972305297852	0.035701751708984375	1.1875038146972656	1	107.842176
301	100.0	14.11	0.010931253433227539	0.13431048393249512	1.2273852825164795	1	108.763904
302	50.0	14.13	0.010622978210449219	0.03522133827209473	0.37572407722473145	1	109.685632
303	88.9	14.14	0.012221813201904297	0.036649465560913086	0.41943931579589844	1	110.60736
304	100.0	14.16	0.012872695922851562	0.03499412536621094	0.4662599563598633	1	111.529088
305	90.9	14.17	0.012210607528686523	0.036623239517211914	0.5090053081512451	1	112.450816
306	100.0	14.18	0.013737916946411133	0.03586101531982422	0.5360205173492432	1	113.372544
307	100.0	14.20	0.011024951934814453	0.03650856018066406	0.5838813781738281	1	114.294272
308	91.7	14.21	0.014782428741455078	0.037053585052490234	0.628748893737793	1	115.216
309	100.0	14.23	0.011193037033081055	0.03692913055419922	0.6759200096130371	1	116.137728
310	100.0	14.24	0.012883901596069336	0.03937363624572754	0.7028870582580566	1	117.059456
311	90.9	14.25	0.014244794845581055	0.035881996154785156	0.7460391521453857	1	117.981184
312	100.0	14.26	0.016315937042236328	0.035683393478393555	0.7943687438964844	1	118.902912
313	90.9	14.26	0.02905583381652832	0.03795146942138672	0.8453562259674072	1	119.82464
314	83.3	14.27	0.016262292861938477	0.03777766227722168	0.8982713222503662	1	120.746368
315	90.9	14.28	0.0219879150390625	0.04064178466796875	0.9513182640075684	1	121.668096
316	100.0	14.27	0.013717889785766602	0.06818795204162598	1.0116336345672607	1	122.589824
317	100.0	14.29	0.010113000869750977	0.034590721130371094	0.0908193588256836	1	123.511552
318	100.0	14.30	0.01975250244140625	0.037140607833862305	0.11913108825683594	1	124.43328
319	91.7	14.31	0.013198614120483398	0.03755807876586914	0.1750965118408203	1	125.355008
320	100.0	14.32	0.013180971145629883	0.03686881065368652	0.2249765396118164	1	126.276736
321	91.7	14.27	0.012240171432495117	0.13362932205200195	0.27083683013916016	1	127.198464
322	55.6	14.29	0.011404037475585938	0.037131309509277344	0.40013599395751953	1	128.120192
323	90.9	14.30	0.010752201080322266	0.03856325149536133	0.44562578201293945	1	129.04192
324	90.0	14.31	0.012462377548217773	0.03451657295227051	0.49395251274108887	1	129.963648
325	100.0	14.33	0.013186931610107422	0.037600040435791016	0.5377912521362305	1	130.885376
326	92.3	14.33	0.020276784896850586	0.04352068901062012	0.562690258026123	1	131.807104
327	91.7	14.34	0.013941049575805664	0.04301023483276367	0.6253466606140137	1	132.728832
328	100.0	14.35	0.014801263809204102	0.03733110427856445	0.680567741394043	1	133.65056
329	100.0	14.36	0.01107478141784668	0.03800082206726074	0.7316710948944092	1	134.572288
330	90.9	14.37	0.014438629150390625	0.04028892517089844	0.7703447341918945	1	135.494016
331	100.0	14.38	0.011522054672241211	0.03723311424255371	0.8238184452056885	1	136.415744
332	15.3	13.80	0.012165069580078125	0.04040932655334473	0.8726911544799805	1	137.337472
333	88.9	13.81	0.011158466339111328	0.033043622970581055	0.9137825965881348	1	138.2592
334	88.9	13.83	0.011174917221069336	0.0339815616607666	0.9513421058654785	1	139.180928
335	100.0	13.84	0.011141777038574219	0.031354427337646484	0.9854507446289062	1	140.102656
336	90.0	13.84	0.02956104278564453	0.056992292404174805	1.0266644954681396	1	141.024384
337	100.0	13.84	0.01647496223449707	0.04185056686401367	1.109295129776001	1	141.946112
338	100.0	13.86	0.01273036003112793	0.03515219688415527	1.158705711364746	1	142.86784
339	90.9	13.87	0.011836767196655273	0.039414405822753906	1.2054383754730225	1	143.789568
340	100.0	13.87	0.028102397918701172	0.03661990165710449	1.2555274963378906	1	144.711296
341	85.7	13.83	0.013938188552856445	0.14029836654663086	1.319023609161377	1	145.633024
342	44.8	13.84	0.012199640274047852	0.03302955627441406	1.462646484375	1	146.554752
343	90.9	13.86	0.013878107070922852	0.03539562225341797	1.5047295093536377	1	147.47648
344	100.0	13.87	0.009541749954223633	0.035259246826171875	1.552893877029419	1	148.398208
345	100.0	13.88	0.011333465576171875	0.03513693809509277	1.5904467105865479	1	149.319936
346	100.0	13.90	0.013456106185913086	0.035559892654418945	1.6277365684509277	1	150.241664
347	88.9	13.91	0.01237630844116211	0.035146474838256836	0.6848452091217041	1	151.163392
348	100.0	13.93	0.010993003845214844	0.03537106513977051	0.7307491302490234	1	152.08512
349	100.0	13.94	0.014036417007446289	0.03515791893005371	0.7762117385864258	1	153.006848
350	100.0	13.95	0.011009454727172852	0.03562569618225098	0.794553279876709	1	153.928576
351	90.9	13.96	0.012408733367919922	0.03648519515991211	0.8395884037017822	1	154.850304
352	100.0	13.97	0.02107715606689453	0.03975105285644531	0.8874862194061279	1	155.772032
353	91.7	13.97	0.0393826961517334	0.0365750789642334	0.9415631294250488	1	156.69376
354	81.2	13.96	0.03897404670715332	0.05515599250793457	1.008772850036621	1	157.615488
355	100.0	13.95	0.011527299880981445	0.06124138832092285	1.1019387245178223	1	158.537216
356	100.0	13.97	0.01572394371032715	0.03478050231933594	1.1736483573913574	1	159.458944
357	90.0	13.98	0.010729074478149414	0.03632211685180664	1.2231314182281494	1	160.380672
358	100.0	13.99	0.009811639785766602	0.03844785690307617	1.2457160949707031	1	161.3024
359	100.0	14.00	0.010823249816894531	0.039444684982299805	1.2927348613739014	1	162.224128
360	90.0	14.01	0.010706901550292969	0.03709864616394043	1.342700719833374	1	163.145856
361	100.0	13.97	0.009909629821777344	0.13710880279541016	1.389512062072754	1	164.067584
362	51.7	13.99	0.010996103286743164	0.03513002395629883	0.5232071876525879	1	164.989312
363	87.5	14.00	0.010457277297973633	0.03180837631225586	0.5674459934234619	1	165.91104
364	100.0	14.02	0.011217117309570312	0.03021860122680664	0.6080279350280762	1	166.832768
365	100.0	14.02	0.026576995849609375	0.036695003509521484	0.6428601741790771	1	167.754496
366	84.6	14.03	0.013786077499389648	0.03657245635986328	0.6935877799987793	1	168.676224
367	100.0	14.04	0.01738739013671875	0.036614418029785156	0.7430574893951416	1	169.597952
368	91.7	14.05	0.012542486190795898	0.04009866714477539	0.7909200191497803	1	170.51968
369	100.0	14.07	0.009863853454589844	0.04019594192504883	0.842233419418335	1	171.441408
370	91.7	14.08	0.014211654663085938	0.03662824630737305	0.8589198589324951	1	172.363136
371	100.0	14.09	0.010991573333740234	0.04007720947265625	0.9088349342346191	1	173.284864
372	91.7	14.10	0.013445138931274414	0.03969931602478027	0.9576523303985596	1	174.206592
373	100.0	14.11	0.013400554656982422	0.036780357360839844	1.009885549545288	1	175.12832
374	100.0	14.12	0.011827468872070312	0.04089999198913574	1.0158636569976807	1	176.050048
375	100.0	14.12	0.014430999755859375	0.04134202003479004	1.067657232284546	1	176.971776
376	100.0	14.14	0.012029170989990234	0.03428792953491211	1.121628761291504	1	177.893504
377	88.9	14.15	0.011639118194580078	0.0334622859954834	0.16718554496765137	1	178.815232
378	100.0	14.16	0.012889385223388672	0.03699803352355957	0.198106050491333	1	179.73696
379	100.0	14.17	0.01244974136352539	0.037122488021850586	0.24705076217651367	1	180.658688
380	90.9	14.18	0.013924837112426758	0.036577701568603516	0.2934844493865967	1	181.580416
381	100.0	14.15	0.017099857330322266	0.11408615112304688	0.3430440425872803	1	182.502144
382	50.0	14.17	0.011832714080810547	0.02133011817932129	0.4400053024291992	1	183.423872
383	57.1	14.19	0.009641885757446289	0.02075791358947754	0.4722869396209717	1	184.3456
384	66.7	14.21	0.01031494140625	0.018292665481567383	0.5004308223724365	1	185.267328
385	66.7	14.24	0.010460615158081055	0.018312931060791016	0.5273847579956055	1	186.189056
386	40.0	14.26	0.010710954666137695	0.016689062118530273	0.543989896774292	1	187.110784
387	57.1	14.28	0.011469364166259766	0.020378589630126953	0.5704245567321777	1	188.032512
388	60.0	14.30	0.011038541793823242	0.01827216148376465	0.5997798442840576	1	188.95424
389	50.0	14.32	0.010185956954956055	0.018367290496826172	0.6281042098999023	1	189.875968
390	60.0	14.34	0.010512590408325195	0.016794681549072266	0.6256797313690186	1	190.797696
391	60.0	14.37	0.009788990020751953	0.01897430419921875	0.6521732807159424	1	191.719424
392	8.3	13.88	0.011081933975219727	0.02277541160583496	0.6800897121429443	1	192.641152
393	50.0	13.90	0.010710000991821289	0.020017147064208984	0.7121450901031494	1	193.56288
394	50.0	13.92	0.010956048965454102	0.020155906677246094	0.7291336059570312	1	194.484608
395	50.0	13.94	0.010457515716552734	0.017058372497558594	0.7543683052062988	1	195.406336
396	66.7	13.96	0.010894298553466797	0.018606901168823242	0.7808067798614502	1	196.328064
397	57.1	13.98	0.010849714279174805	0.018520355224609375	0.8092784881591797	1	197.249792
398	50.0	14.00	0.012845277786254883	0.01859116554260254	0.8275837898254395	1	198.17152
399	57.1	14.02	0.011083126068115234	0.018505096435546875	0.8579614162445068	1	199.093248
400	66.7	14.04	0.01060938835144043	0.017429351806640625	0.8865988254547119	1	200.014976
401	57.1	14.02	3.719329833984375e-05	0.11793041229248047	0.9137296676635742	0	200.014976
402	44.4	14.03	1.9311904907226562e-05	0.03578066825866699	1.021968126296997	0	200.014976
403	80.0	14.06	1.9073486328125e-05	0.01985931396484375	1.0566771030426025	0	200.014976
404	66.7	14.09	1.7404556274414062e-05	0.016744375228881836	1.0754995346069336	0	200.014976
405	66.7	14.11	1.811981201171875e-05	0.016596317291259766	1.0912423133850098	0	200.014976
406	66.7	14.14	1.7881393432617188e-05	0.01627373695373535	1.0950653553009033	0	200.014976
407	66.7	14.17	1.8835067749023438e-05	0.016448497772216797	0.12125253677368164	0	200.014976
408	66.7	14.19	1.7642974853515625e-05	0.016385316848754883	0.1358492374420166	0	200.014976
409	75.0	14.22	1.7881393432617188e-05	0.016669511795043945	0.15032958984375	0	200.014976
410	50.0	14.25	1.8835067749023438e-05	0.016141176223754883	0.15120863914489746	0	200.014976
411	75.0	14.27	1.8835067749023438e-05	0.01654839515686035	0.16641998291015625	0	200.014976
412	50.0	14.30	1.811981201171875e-05	0.016258955001831055	0.18135428428649902	0	200.014976
413	75.0	14.33	1.9788742065429688e-05	0.016587018966674805	0.19669890403747559	0	200.014976
414	33.3	14.35	2.0742416381835938e-05	0.016541719436645508	0.20168805122375488	0	200.014976
415	75.0	14.38	1.7881393432617188e-05	0.01643514633178711	0.21728730201721191	0	200.014976
416	66.7	14.40	1.9550323486328125e-05	0.0164945125579834	0.23202037811279297	0	200.014976
417	75.0	14.43	1.8596649169921875e-05	0.01635003089904785	0.24757719039916992	0	200.014976
418	66.7	14.46	1.8835067749023438e-05	0.0164644718170166	0.2523624897003174	0	200.014976
419	33.3	14.48	1.9073486328125e-05	0.01628851890563965	0.25852060317993164	0	200.014976
420	66.7	14.51	1.8835067749023438e-05	0.016475915908813477	0.27362680435180664	0	200.014976
421	66.7	14.49	3.695487976074219e-05	0.11402606964111328	0.28054237365722656	0	200.014976
422	8.4	14.03	2.0265579223632812e-05	0.023174524307250977	0.40236783027648926	0	200.014976
423	50.0	14.05	1.8596649169921875e-05	0.016371726989746094	0.4236178398132324	0	200.014976
424	66.7	14.08	1.8596649169921875e-05	0.016315460205078125	0.43827366828918457	0	200.014976
425	75.0	14.10	1.811981201171875e-05	0.016232967376708984	0.4527852535247803	0	200.014976
426	66.7	14.13	1.7404556274414062e-05	0.0162355899810791	0.45575928688049316	0	200.014976
427	66.7	14.16	1.811981201171875e-05	0.016260385513305664	0.4709932804107666	0	200.014976
428	66.7	14.18	1.7642974853515625e-05	0.01623392105102539	0.4862687587738037	0	200.014976
429	50.0	14.21	1.9311904907226562e-05	0.0163724422454834	0.5014586448669434	0	200.014976
430	66.7	14.23	1.7881393432617188e-05	0.016257762908935547	0.5062298774719238	0	200.014976
431	66.7	14.26	1.811981201171875e-05	0.0162503719329834	0.5192224979400635	0	200.014976
432	66.7	14.28	1.8596649169921875e-05	0.0162508487701416	0.5344181060791016	0	200.014976
433	75.0	14.31	1.8596649169921875e-05	0.01627516746520996	0.5497536659240723	0	200.014976
434	50.0	14.33	1.9073486328125e-05	0.016254663467407227	0.554957389831543	0	200.014976
435	66.7	14.36	1.8358230590820312e-05	0.016340017318725586	0.5700993537902832	0	200.014976
436	75.0	14.38	1.8835067749023438e-05	0.016462087631225586	0.5854129791259766	0	200.014976
437	6.4	13.95	1.9311904907226562e-05	0.02078080177307129	0.6012718677520752	0	200.014976
438	75.0	13.97	1.9073486328125e-05	0.016321420669555664	0.6076023578643799	0	200.014976
439	66.7	14.00	1.811981201171875e-05	0.016335487365722656	0.6229267120361328	0	200.014976
440	75.0	14.02	1.8358230590820312e-05	0.01629924774169922	0.6375689506530762	0	200.014976
441	50.0	14.00	3.62396240234375e-05	0.11359786987304688	0.6527533531188965	0	200.014976
442	17.4	14.02	1.8835067749023438e-05	0.022737741470336914	0.7551817893981934	0	200.014976
443	50.0	14.05	1.7881393432617188e-05	0.016394615173339844	0.7740492820739746	0	200.014976
444	100.0	14.07	1.7881393432617188e-05	0.01659846305847168	0.789463996887207	0	200.014976
445	50.0	14.10	1.811981201171875e-05	0.016414403915405273	0.8050258159637451	0	200.014976
446	75.0	14.12	1.8358230590820312e-05	0.016377925872802734	0.8117830753326416	0	200.014976
447	66.7	14.14	1.8596649169921875e-05	0.016336917877197266	0.8270869255065918	0	200.014976
448	66.7	14.17	1.8835067749023438e-05	0.01641368865966797	0.8424656391143799	0	200.014976
449	50.0	14.19	1.7881393432617188e-05	0.016355514526367188	0.8578636646270752	0	200.014976
450	75.0	14.22	1.8835067749023438e-05	0.01641535758972168	0.8645589351654053	0	200.014976
451	66.7	14.24	1.811981201171875e-05	0.016392946243286133	0.8800339698791504	0	200.014976
452	7.5	13.83	1.9073486328125e-05	0.021725177764892578	0.8955676555633545	0	200.014976
453	75.0	13.85	1.8358230590820312e-05	0.016200542449951172	0.915372371673584	0	200.014976
454	66.7	13.87	1.811981201171875e-05	0.016335487365722656	0.9176549911499023	0	200.014976
455	66.7	13.90	1.8596649169921875e-05	0.016512632369995117	0.9304189682006836	0	200.014976
456	66.7	13.92	1.8358230590820312e-05	0.016269207000732422	0.9458761215209961	0	200.014976
457	50.0	13.94	1.811981201171875e-05	0.016250133514404297	0.9611172676086426	0	200.014976
458	66.7	13.97	1.7881393432617188e-05	0.0163118839263916	0.9661202430725098	0	200.014976
459	50.0	13.99	1.8835067749023438e-05	0.016315221786499023	0.9812653064727783	0	200.014976
460	66.7	14.01	1.8596649169921875e-05	0.016440153121948242	0.99648118019104	0	200.014976
461	100.0	14.00	3.552436828613281e-05	0.11505126953125	1.0117840766906738	0	200.014976
462	43.5	14.02	1.9073486328125e-05	0.02337193489074707	1.116248607635498	0	200.014976
463	33.3	14.04	1.8358230590820312e-05	0.01628851890563965	1.1384844779968262	0	200.014976
464	75.0	14.06	2.002716064453125e-05	0.016312360763549805	1.153686761856079	0	200.014976
465	75.0	14.09	1.7881393432617188e-05	0.016378164291381836	1.1689660549163818	0	200.014976
466	75.0	14.11	1.7642974853515625e-05	0.01624608039855957	1.1677649021148682	0	200.014976
467	66.7	14.13	1.811981201171875e-05	0.01626443862915039	0.19958043098449707	0	200.014976
468	66.7	14.16	1.7881393432617188e-05	0.016269445419311523	0.21419882774353027	0	200.014976
469	66.7	14.18	1.811981201171875e-05	0.01627659797668457	0.22254371643066406	0	200.014976
470	60.0	14.20	1.7881393432617188e-05	0.016235828399658203	0.23339343070983887	0	200.014976
471	66.7	14.23	1.811981201171875e-05	0.016275405883789062	0.24874067306518555	0	200.014976
472	66.7	14.25	1.811981201171875e-05	0.016307830810546875	0.2631869316101074	0	200.014976
473	50.0	14.27	1.811981201171875e-05	0.01623058319091797	0.27852511405944824	0	200.014976
474	75.0	14.29	1.811981201171875e-05	0.01638197898864746	0.2835099697113037	0	200.014976
475	33.3	14.32	1.811981201171875e-05	0.016196727752685547	0.29883813858032227	0	200.014976
476	66.7	14.34	1.9550323486328125e-05	0.016375303268432617	0.31392955780029297	0	200.014976
477	75.0	14.36	1.7881393432617188e-05	0.016266822814941406	0.329317569732666	0	200.014976
478	66.7	14.39	1.9073486328125e-05	0.01637887954711914	0.3347172737121582	0	200.014976
479	66.7	14.41	1.8835067749023438e-05	0.016207218170166016	0.3491671085357666	0	200.014976
480	66.7	14.43	1.7881393432617188e-05	0.016350984573364258	0.3643531799316406	0	200.014976
481	33.3	14.41	3.504753112792969e-05	0.11356592178344727	0.3797264099121094	0	200.014976
482	7.1	14.01	1.811981201171875e-05	0.024217844009399414	0.49196290969848633	0	200.014976
483	75.0	14.04	1.8835067749023438e-05	0.016355276107788086	0.5144290924072266	0	200.014976
484	66.7	14.06	1.811981201171875e-05	0.016302824020385742	0.5290749073028564	0	200.014976
485	66.7	14.08	1.7881393432617188e-05	0.01627206802368164	0.5440938472747803	0	200.014976
486	50.0	14.10	1.7881393432617188e-05	0.01626443862915039	0.5452849864959717	0	200.014976
487	66.7	14.13	1.7881393432617188e-05	0.01627945899963379	0.5604572296142578	0	200.014976
488	66.7	14.15	1.7404556274414062e-05	0.01624584197998047	0.5756700038909912	0	200.014976
489	66.7	14.17	1.8358230590820312e-05	0.016361713409423828	0.590855598449707	0	200.014976
490	66.7	14.19	1.7881393432617188e-05	0.01636481285095215	0.5955471992492676	0	200.014976
491	66.7	14.21	1.7881393432617188e-05	0.016160011291503906	0.6065850257873535	0	200.014976
492	66.7	14.24	1.811981201171875e-05	0.01631331443786621	0.6211349964141846	0	200.014976
493	50.0	14.26	1.8835067749023438e-05	0.016391277313232422	0.6363739967346191	0	200.014976
494	66.7	14.28	1.811981201171875e-05	0.016359329223632812	0.6429524421691895	0	200.014976
495	66.7	14.30	1.8358230590820312e-05	0.01622629165649414	0.6579344272613525	0	200.014976
496	66.7	14.32	1.9311904907226562e-05	0.01660776138305664	0.6730413436889648	0	200.014976
497	7.9	13.94	1.8596649169921875e-05	0.021647214889526367	0.6893360614776611	0	200.014976
498	66.7	13.96	1.9311904907226562e-05	0.01641106605529785	0.7092523574829102	0	200.014976
499	66.7	13.98	1.8596649169921875e-05	0.016532182693481445	0.704108476638794	0	200.014976
500	66.7	14.01	1.7881393432617188e-05	0.016336441040039062	0.718794584274292	0	200.014976
501	66.7	13.99	3.62396240234375e-05	0.11382341384887695	0.7340836524963379	0	200.014976
502	20.8	14.01	1.8835067749023438e-05	0.022956371307373047	0.8460612297058105	0	200.014976
503	50.0	14.03	3.1948089599609375e-05	0.016361474990844727	0.8662405014038086	0	200.014976
504	100.0	14.05	1.8358230590820312e-05	0.0166013240814209	0.871690034866333	0	200.014976
505	60.0	14.07	1.811981201171875e-05	0.0163114070892334	0.8873062133789062	0	200.014976
506	50.0	14.09	1.7642974853515625e-05	0.016381502151489258	0.9025483131408691	0	200.014976
507	66.7	14.12	1.7642974853515625e-05	0.016676664352416992	0.9179267883300781	0	200.014976
508	66.7	14.14	1.9073486328125e-05	0.01645684242248535	0.9242780208587646	0	200.014976
509	33.3	14.16	1.9311904907226562e-05	0.016360759735107422	0.9386577606201172	0	200.014976
510	66.7	14.18	1.8358230590820312e-05	0.016412019729614258	0.9531111717224121	0	200.014976
511	80.0	14.20	1.8358230590820312e-05	0.0164797306060791	0.9674546718597412	0	200.014976
512	6.9	13.84	1.9550323486328125e-05	0.02165961265563965	0.9848275184631348	0	200.014976
513	75.0	13.86	1.9311904907226562e-05	0.01813650131225586	1.0051701068878174	0	200.014976
514	66.7	13.88	1.7881393432617188e-05	0.017015933990478516	1.0220065116882324	0	200.014976
515	75.0	13.90	1.9550323486328125e-05	0.018290042877197266	1.0351862907409668	0	200.014976
516	100.0	13.92	1.8596649169921875e-05	0.017271041870117188	1.044924259185791	0	200.014976
517	100.0	13.94	2.8848648071289062e-05	0.017215967178344727	1.061100959777832	0	200.014976
518	100.0	13.96	1.8596649169921875e-05	0.022962093353271484	1.0772652626037598	0	200.014976
519	100.0	13.98	1.7881393432617188e-05	0.018064022064208984	1.0992369651794434	0	200.014976
520	50.0	14.00	1.811981201171875e-05	0.016317367553710938	1.1060090065002441	0	200.014976
521	50.0	13.98	3.504753112792969e-05	0.11340165138244629	1.1197364330291748	0	200.014976
522	32.0	14.00	2.1457672119140625e-05	0.02443408966064453	1.2321808338165283	0	200.014976
523	66.7	14.02	1.7881393432617188e-05	0.016319751739501953	1.2555344104766846	0	200.014976
524	66.7	14.04	1.8596649169921875e-05	0.016533374786376953	1.259016752243042	0	200.014976
525	75.0	14.06	1.8358230590820312e-05	0.016295671463012695	1.2745072841644287	0	200.014976
526	66.7	14.08	1.811981201171875e-05	0.016469478607177734	1.2883551120758057	0	200.014976
527	50.0	14.10	1.8358230590820312e-05	0.016300201416015625	0.30528974533081055	0	200.014976
528	66.7	14.12	1.7881393432617188e-05	0.016455650329589844	0.3116459846496582	0	200.014976
529	50.0	14.14	1.8835067749023438e-05	0.016175270080566406	0.3271167278289795	0	200.014976
530	75.0	14.16	1.7881393432617188e-05	0.016657114028930664	0.33757686614990234	0	200.014976
531	66.7	14.18	1.811981201171875e-05	0.0162045955657959	0.349886417388916	0	200.014976
532	50.0	14.20	1.8596649169921875e-05	0.01640176773071289	0.3450155258178711	0	200.014976
533	66.7	14.22	1.811981201171875e-05	0.01629781723022461	0.3602597713470459	0	200.014976
534	66.7	14.24	1.7881393432617188e-05	0.016404151916503906	0.37444353103637695	0	200.014976
535	66.7	14.27	1.8835067749023438e-05	0.016323089599609375	0.3886268138885498	0	200.014976
536	66.7	14.29	1.8358230590820312e-05	0.01640939712524414	0.3912355899810791	0	200.014976
537	60.0	14.31	1.9073486328125e-05	0.0162813663482666	0.4066619873046875	0	200.014976
538	66.7	14.33	1.8596649169921875e-05	0.016417741775512695	0.42124247550964355	0	200.014976
539	66.7	14.35	1.8358230590820312e-05	0.017159223556518555	0.4363400936126709	0	200.014976
540	75.0	14.37	1.8358230590820312e-05	0.016487598419189453	0.44245481491088867	0	200.014976
541	66.7	14.35	3.6716461181640625e-05	0.11434173583984375	0.4562661647796631	0	200.014976
542	10.4	14.00	2.0503997802734375e-05	0.02334284782409668	0.5717284679412842	0	200.014976
543	66.7	14.02	1.8358230590820312e-05	0.01745748519897461	0.5918660163879395	0	200.014976
544	50.0	14.03	1.811981201171875e-05	0.017281055450439453	0.5954036712646484	0	200.014976
545	66.7	14.05	1.8596649169921875e-05	0.01654648780822754	0.6107196807861328	0	200.014976
546	66.7	14.07	1.8835067749023438e-05	0.016607999801635742	0.6263182163238525	0	200.014976
547	50.0	14.09	1.71661376953125e-05	0.016339540481567383	0.6389510631561279	0	200.014976
548	75.0	14.11	1.7881393432617188e-05	0.016569852828979492	0.6473884582519531	0	200.014976
549	50.0	14.13	1.8835067749023438e-05	0.01620173454284668	0.6628403663635254	0	200.014976
550	66.7	14.15	1.7642974853515625e-05	0.016575336456298828	0.677901029586792	0	200.014976
551	66.7	14.17	1.9073486328125e-05	0.01614665985107422	0.6935224533081055	0	200.014976
552	66.7	14.19	1.811981201171875e-05	0.016579151153564453	0.6999669075012207	0	200.014976
553	50.0	14.21	1.8358230590820312e-05	0.016143321990966797	0.7155468463897705	0	200.014976
554	66.7	14.23	1.7881393432617188e-05	0.01653313636779785	0.7306737899780273	0	200.014976
555	50.0	14.25	1.8596649169921875e-05	0.016307592391967773	0.7462258338928223	0	200.014976
556	75.0	14.27	1.8358230590820312e-05	0.01658320426940918	0.7475788593292236	0	200.014976
557	14.2	13.93	2.002716064453125e-05	0.023473024368286133	0.7770299911499023	0	200.014976
558	66.7	13.95	1.7881393432617188e-05	0.016401290893554688	0.7987384796142578	0	200.014976
559	75.0	13.97	1.8358230590820312e-05	0.01650714874267578	0.8130834102630615	0	200.014976
560	100.0	13.99	1.8358230590820312e-05	0.016374588012695312	0.8166465759277344	0	200.014976
561	50.0	13.97	3.504753112792969e-05	0.11376619338989258	0.8319153785705566	0	200.014976
562	21.7	13.99	1.8358230590820312e-05	0.021858692169189453	0.9446060657501221	0	200.014976
563	50.0	14.01	1.8596649169921875e-05	0.016655683517456055	0.9654388427734375	0	200.014976
564	66.7	14.03	1.9073486328125e-05	0.017223358154296875	0.9682695865631104	0	200.014976
565	66.7	14.05	1.811981201171875e-05	0.016567230224609375	0.9842050075531006	0	200.014976
566	66.7	14.07	1.7404556274414062e-05	0.01683211326599121	0.9987082481384277	0	200.014976
567	100.0	14.08	1.7881393432617188e-05	0.018782854080200195	1.0142338275909424	0	200.014976
568	100.0	14.10	1.7642974853515625e-05	0.01734328269958496	1.0218868255615234	0	200.014976
569	100.0	14.12	2.09808349609375e-05	0.018899917602539062	1.0372235774993896	0	200.014976
570	100.0	14.14	1.9073486328125e-05	0.016857624053955078	1.055192232131958	0	200.014976
571	66.7	14.16	1.7881393432617188e-05	0.017192363739013672	1.0711190700531006	0	200.014976
572	80.0	14.18	1.7642974853515625e-05	0.016554594039916992	0.08736753463745117	0	200.014976
573	50.0	14.20	1.8835067749023438e-05	0.016826152801513672	0.10297179222106934	0	200.014976
574	50.0	14.22	1.71661376953125e-05	0.016526222229003906	0.11810564994812012	0	200.014976
575	66.7	14.23	1.7881393432617188e-05	0.016875743865966797	0.12906813621520996	0	200.014976
576	66.7	14.25	1.7881393432617188e-05	0.016516923904418945	0.13725614547729492	0	200.014976
577	50.0	14.27	1.8596649169921875e-05	0.016831636428833008	0.15133047103881836	0	200.014976
578	75.0	14.29	1.7404556274414062e-05	0.01652979850769043	0.16375494003295898	0	200.014976
579	75.0	14.31	1.7881393432617188e-05	0.017108678817749023	0.17929363250732422	0	200.014976
580	50.0	14.33	1.7881393432617188e-05	0.016327619552612305	0.18081974983215332	0	200.014976
581	75.0	14.31	3.62396240234375e-05	0.11476945877075195	0.19622468948364258	0	200.014976
582	16.7	14.33	1.9073486328125e-05	0.0213315486907959	0.3083806037902832	0	200.014976
583	33.3	14.35	1.9311904907226562e-05	0.016712665557861328	0.32878732681274414	0	200.014976
584	75.0	14.37	1.7881393432617188e-05	0.017182350158691406	0.31897902488708496	0	200.014976
585	66.7	14.39	1.7881393432617188e-05	0.01674365997314453	0.3352508544921875	0	200.014976
586	50.0	14.40	1.7404556274414062e-05	0.017019987106323242	0.3497347831726074	0	200.014976
587	8.7	14.07	2.0742416381835938e-05	0.02426457405090332	0.36724328994750977	0	200.014976
588	66.7	14.09	1.811981201171875e-05	0.01709723472595215	0.37645745277404785	0	200.014976
589	66.7	14.11	1.8358230590820312e-05	0.017020463943481445	0.392409086227417	0	200.014976
590	50.0	14.13	1.811981201171875e-05	0.016499996185302734	0.4083385467529297	0	200.014976
591	75.0	14.15	1.8358230590820312e-05	0.017289161682128906	0.4237816333770752	0	200.014976
592	66.7	14.17	1.8596649169921875e-05	0.016324758529663086	0.42931318283081055	0	200.014976
593	66.7	14.18	1.811981201171875e-05	0.017160654067993164	0.44458794593811035	0	200.014976
594	50.0	14.20	1.8358230590820312e-05	0.01628851890563965	0.4606750011444092	0	200.014976
595	50.0	14.22	1.811981201171875e-05	0.017203807830810547	0.47272467613220215	0	200.014976
596	75.0	14.24	1.7642974853515625e-05	0.01627635955810547	0.4796879291534424	0	200.014976
597	60.0	14.26	1.7642974853515625e-05	0.017293453216552734	0.4937629699707031	0	200.014976
598	50.0	14.27	1.811981201171875e-05	0.016295433044433594	0.5100228786468506	0	200.014976
599	66.7	14.29	1.8358230590820312e-05	0.017279624938964844	0.5253095626831055	0	200.014976
600	66.7	14.31	1.9550323486328125e-05	0.017019271850585938	0.5307009220123291	0	200.014976
601	60.0	14.30	3.647804260253906e-05	0.11365342140197754	0.5466408729553223	0	200.014976
602	7.2	13.98	1.8835067749023438e-05	0.023018598556518555	0.6596164703369141	0	200.014976
603	60.0	13.99	1.9550323486328125e-05	0.0233917236328125	0.6809144020080566	0	200.014976
604	66.7	14.01	1.9073486328125e-05	0.02035355567932129	0.6908423900604248	0	200.014976
605	66.7	14.03	1.8358230590820312e-05	0.017090559005737305	0.7101318836212158	0	200.014976
606	50.0	14.05	1.811981201171875e-05	0.016413211822509766	0.7261219024658203	0	200.014976
607	66.7	14.06	1.8596649169921875e-05	0.01623392105102539	0.7415399551391602	0	200.014976
608	66.7	14.08	1.7881393432617188e-05	0.01631021499633789	0.7459180355072021	0	200.014976
609	75.0	14.10	1.7404556274414062e-05	0.01623988151550293	0.7594594955444336	0	200.014976
610	66.7	14.12	1.7881393432617188e-05	0.016207218170166016	0.7747476100921631	0	200.014976
611	50.0	14.14	1.811981201171875e-05	0.0163118839263916	0.789046049118042	0	200.014976
612	66.7	14.15	1.7642974853515625e-05	0.01618671417236328	0.7947983741760254	0	200.014976
613	66.7	14.17	1.7881393432617188e-05	0.016360998153686523	0.8098375797271729	0	200.014976
614	66.7	14.19	1.811981201171875e-05	0.016201257705688477	0.8251903057098389	0	200.014976
615	66.7	14.21	1.8596649169921875e-05	0.016317129135131836	0.8342196941375732	0	200.014976
616	33.3	14.22	1.7881393432617188e-05	0.01619434356689453	0.8408617973327637	0	200.014976
617	7.8	13.92	1.9788742065429688e-05	0.024204492568969727	0.8645133972167969	0	200.014976
618	75.0	13.94	1.9550323486328125e-05	0.0164642333984375	0.8867721557617188	0	200.014976
619	66.7	13.95	1.8358230590820312e-05	0.01643991470336914	0.9013760089874268	0	200.014976
620	60.0	13.97	1.8596649169921875e-05	0.016277074813842773	0.9043161869049072	0	200.014976
621	66.7	13.96	3.4332275390625e-05	0.11579632759094238	0.9172730445861816	0	200.014976
622	29.2	13.97	1.8358230590820312e-05	0.029369115829467773	1.032289743423462	0	200.014976
623	83.3	13.98	1.7881393432617188e-05	0.025332212448120117	1.0606515407562256	0	200.014976
624	100.0	14.00	1.9788742065429688e-05	0.018615007400512695	1.0755162239074707	0	200.014976
625	75.0	14.02	1.811981201171875e-05	0.019223928451538086	1.0929234027862549	0	200.014976
626	66.7	14.03	1.7642974853515625e-05	0.016359567642211914	1.1110727787017822	0	200.014976
627	66.7	14.05	1.811981201171875e-05	0.0164639949798584	1.1263065338134766	0	200.014976
628	50.0	14.07	1.7881393432617188e-05	0.016243457794189453	1.1320335865020752	0	200.014976
629	75.0	14.09	1.7881393432617188e-05	0.016337871551513672	1.1471292972564697	0	200.014976
630	66.7	14.10	1.8358230590820312e-05	0.016240596771240234	1.1622962951660156	0	200.014976
631	66.7	14.12	1.8596649169921875e-05	0.01641106605529785	1.1774938106536865	0	200.014976
632	50.0	14.14	1.8358230590820312e-05	0.016205787658691406	0.19300127029418945	0	200.014976
633	66.7	14.15	1.8358230590820312e-05	0.016355514526367188	0.1931610107421875	0	200.014976
634	66.7	14.17	1.9073486328125e-05	0.016275405883789062	0.20856237411499023	0	200.014976
635	66.7	14.19	1.811981201171875e-05	0.01639246940612793	0.22391891479492188	0	200.014976
636	66.7	14.21	1.8358230590820312e-05	0.016260385513305664	0.2247297763824463	0	200.014976
637	50.0	14.22	1.8835067749023438e-05	0.016420364379882812	0.2400379180908203	0	200.014976
638	66.7	14.24	2.0265579223632812e-05	0.01629805564880371	0.2555267810821533	0	200.014976
639	75.0	14.26	1.8596649169921875e-05	0.016425371170043945	0.27093505859375	0	200.014976
640	66.7	14.27	1.9311904907226562e-05	0.016949892044067383	0.27367353439331055	0	200.014976
641	66.7	14.26	3.6716461181640625e-05	0.1160590648651123	0.28968024253845215	0	200.014976
642	13.0	14.27	2.002716064453125e-05	0.022787094116210938	0.40488743782043457	0	200.014976
643	66.7	14.29	1.8358230590820312e-05	0.01674628257751465	0.4267418384552002	0	200.014976
644	75.0	14.31	1.9788742065429688e-05	0.016475200653076172	0.41750407218933105	0	200.014976
645	66.7	14.33	1.7881393432617188e-05	0.016338825225830078	0.4330103397369385	0	200.014976
646	50.0	14.34	1.8835067749023438e-05	0.016416549682617188	0.44766902923583984	0	200.014976
647	7.9	14.04	1.9073486328125e-05	0.025787830352783203	0.463789701461792	0	200.014976
648	75.0	14.06	1.7642974853515625e-05	0.016175270080566406	0.4727191925048828	0	200.014976
649	66.7	14.08	1.811981201171875e-05	0.016251325607299805	0.48723292350769043	0	200.014976
650	66.7	14.09	1.8596649169921875e-05	0.016241073608398438	0.5002071857452393	0	200.014976
651	66.7	14.11	1.811981201171875e-05	0.016185283660888672	0.5153157711029053	0	200.014976
652	66.7	14.13	1.8596649169921875e-05	0.016271591186523438	0.5216529369354248	0	200.014976
653	50.0	14.14	1.8835067749023438e-05	0.016185760498046875	0.5369217395782471	0	200.014976
654	75.0	14.16	1.7881393432617188e-05	0.01631641387939453	0.5520570278167725	0	200.014976
655	66.7	14.18	1.7404556274414062e-05	0.016195297241210938	0.5673544406890869	0	200.014976
656	66.7	14.19	1.811981201171875e-05	0.01620936393737793	0.5700197219848633	0	200.014976
657	66.7	14.21	1.7881393432617188e-05	0.01618218421936035	0.5852670669555664	0	200.014976
658	50.0	14.23	1.811981201171875e-05	0.0162506103515625	0.6005048751831055	0	200.014976
659	66.7	14.24	1.8358230590820312e-05	0.01622176170349121	0.6157488822937012	0	200.014976
660	50.0	14.26	1.811981201171875e-05	0.01623082160949707	0.6205930709838867	0	200.014976
661	66.7	14.25	3.647804260253906e-05	0.11360526084899902	0.6356565952301025	0	200.014976
662	7.2	13.96	2.002716064453125e-05	0.022251605987548828	0.7481551170349121	0	200.014976
663	66.7	13.98	1.8596649169921875e-05	0.016205787658691406	0.7686898708343506	0	200.014976
664	66.7	13.99	1.8358230590820312e-05	0.01630711555480957	0.770153284072876	0	200.014976
665	66.7	14.01	1.7881393432617188e-05	0.016266584396362305	0.7850279808044434	0	200.014976
666	75.0	14.03	1.7642974853515625e-05	0.016172409057617188	0.7987604141235352	0	200.014976
667	66.7	14.04	1.7881393432617188e-05	0.016312122344970703	0.8139443397521973	0	200.014976
668	75.0	14.06	1.7642974853515625e-05	0.016187667846679688	0.8198504447937012	0	200.014976
669	50.0	14.07	1.8358230590820312e-05	0.016226768493652344	0.8317315578460693	0	200.014976
670	66.7	14.09	1.7642974853515625e-05	0.016228914260864258	0.8469099998474121	0	200.014976
671	66.7	14.11	1.8596649169921875e-05	0.01797342300415039	0.8597643375396729	0	200.014976
672	66.7	14.12	1.8358230590820312e-05	0.016190767288208008	0.8684048652648926	0	200.014976
673	50.0	14.14	1.7881393432617188e-05	0.01626729965209961	0.8836154937744141	0	200.014976
674	66.7	14.16	1.8358230590820312e-05	0.016265153884887695	0.898723840713501	0	200.014976
675	80.0	14.17	1.7881393432617188e-05	0.01625680923461914	0.9140830039978027	0	200.014976
676	66.7	14.19	5.793571472167969e-05	0.0161893367767334	0.9192256927490234	0	200.014976
677	7.9	13.91	2.0265579223632812e-05	0.0238950252532959	0.9450109004974365	0	200.014976
678	75.0	13.93	1.8835067749023438e-05	0.01633286476135254	0.9669957160949707	0	200.014976
679	50.0	13.94	1.9073486328125e-05	0.016272544860839844	0.9814064502716064	0	200.014976
680	50.0	13.96	1.811981201171875e-05	0.016182899475097656	0.9815018177032471	0	200.014976
681	66.7	13.94	2.1457672119140625e-05	0.11408877372741699	0.9966080188751221	0	200.014976
682	62.5	13.96	1.7642974853515625e-05	0.019806861877441406	1.109191656112671	0	200.014976
683	75.0	13.97	1.8596649169921875e-05	0.016879796981811523	1.1279103755950928	0	200.014976
684	33.3	13.99	1.7881393432617188e-05	0.016160964965820312	1.134467601776123	0	200.014976
685	75.0	14.01	1.8835067749023438e-05	0.016871213912963867	1.1492502689361572	0	200.014976
686	50.0	14.02	2.0742416381835938e-05	0.016860246658325195	1.1643576622009277	0	200.014976
687	75.0	14.04	1.7642974853515625e-05	0.016367673873901367	1.180074691772461	0	200.014976
688	50.0	14.05	1.9073486328125e-05	0.016734838485717773	1.1872975826263428	0	200.014976
689	66.7	14.07	1.7881393432617188e-05	0.016160964965820312	1.2030763626098633	0	200.014976
690	66.7	14.08	1.7404556274414062e-05	0.016824007034301758	1.2182831764221191	0	200.014976
691	66.7	14.10	1.7881393432617188e-05	0.016171693801879883	1.225658655166626	0	200.014976
692	50.0	14.12	1.8358230590820312e-05	0.01677536964416504	0.24946999549865723	0	200.014976
693	50.0	14.13	1.8358230590820312e-05	0.01622295379638672	0.2510957717895508	0	200.014976
694	75.0	14.15	1.8358230590820312e-05	0.01680302619934082	0.2664003372192383	0	200.014976
695	66.7	14.16	1.8358230590820312e-05	0.016147375106811523	0.28230762481689453	0	200.014976
696	66.7	14.18	1.8358230590820312e-05	0.01678919792175293	0.2862107753753662	0	200.014976
697	50.0	14.19	1.7881393432617188e-05	0.01619100570678711	0.3019070625305176	0	200.014976
698	50.0	14.21	1.8835067749023438e-05	0.016808748245239258	0.31711912155151367	0	200.014976
699	66.7	14.23	1.8835067749023438e-05	0.01624155044555664	0.33297204971313477	0	200.014976
700	75.0	14.24	1.7642974853515625e-05	0.016819238662719727	0.33585190773010254	0	200.014976
701	50.0	14.23	3.647804260253906e-05	0.1134796142578125	0.3509969711303711	0	200.014976
702	13.6	14.24	1.9311904907226562e-05	0.02124619483947754	0.46360230445861816	0	200.014976
703	50.0	14.26	1.7881393432617188e-05	0.01624584197998047	0.47846198081970215	0	200.014976
704	50.0	14.27	1.8835067749023438e-05	0.01643824577331543	0.48906636238098145	0	200.014976
705	75.0	14.29	1.9788742065429688e-05	0.01636528968811035	0.49924612045288086	0	200.014976
706	66.7	14.30	1.8358230590820312e-05	0.016544103622436523	0.5141570568084717	0	200.014976
